20 22 21 18 2 6 2 21 10 17 3 23 7 3 17 20 5 2 10 2 1 4 10 6 4 9 1 1 13 6 3 1 2 6 1 4 2 12 2 4 4 2 3 6 2 3 1 3 2 1 4 1 2 5 1 4 1 1 2 3 1 1 2 4 4 1 1 1 1 4 1 6 2 2 2 1 1 1 1 1 0 0 0 0 0 0 0 0 0 0 0 0 0 0 0 0 0 0 0 0 0 0 0 0 0 0 0 0 0 0 0 0
10 23 25 10 3 18 3 19 4 15 11 27 3 1 8 10 2 4 4 2 6 0 3 3 2 8 1 1 5 8 1 2 2 1 1 1 2 11 3 2 17 1 2 0 2 0 0 1 2 0 7 0 2 3 0 6 1 0 0 7 0 0 3 3 1 0 0 1 0 3 1 0 6 2 0 0 0 0 1 0 3 2 1 1 2 1 1 3 2 1 6 1 1 1 1 0 0 0 0 0 0 0 0 0 0 0 0 0 0 0 0 0
9 12 60 8 2 17 1 9 7 13 9 30 2 1 8 15 3 4 1 0 1 0 3 3 0 0 1 1 1 5 0 0 1 1 1 0 1 9 2 7 13 0 3 1 0 1 0 2 2 1 3 0 1 3 0 6 0 1 1 2 0 0 3 0 0 0 0 1 1 1 0 1 8 11 1 1 0 1 2 0 1 0 0 2 0 0 0 5 1 0 11 1 0 0 0 2 2 0 0 0 0 0 0 0 0 0 0 0 0 0 0 0
6 4 6 4 2 3 3 4 1 6 2 10 1 1 10 6 3 7 6 1 2 2 1 5 0 7 2 4 4 3 0 0 1 1 4 1 4 5 2 0 7 1 2 1 1 2 0 8 2 0 1 1 1 3 0 0 0 1 0 4 0 1 3 0 4 2 1 3 0 5 2 10 2 0 0 1 0 0 1 0 0 1 1 5 0 2 0 3 0 0 0 0 0 0 1 1 1 1 1 0 0 0 0 0 0 0 0 0 0 0 0 0
3 1 4 2 2 3 0 6 3 0 2 4 2 0 0 5 2 2 0 3 4 2 1 2 3 1 1 1 5 1 0 1 0 3 1 1 2 1 3 0 3 0 0 1 2 0 1 0 0 0 7 1 1 0 0 4 0 0 3 0 0 1 0 0 0 1 0 3 0 1 1 0 0 0 0 0 0 0 0 0 0 1 0 2 1 2 0 1 0 0 2 0 0 0 0 0 0 0 0 1 0 0 0 0 0 0 0 0 0 0 0 0
2 11 7 3 4 12 4 5 6 7 5 19 4 3 12 11 3 3 9 3 8 2 4 2 2 2 0 1 3 2 3 2 0 4 0 0 1 7 4 1 1 1 3 2 1 5 1 4 0 0 1 0 1 4 0 1 2 2 1 4 2 0 1 1 2 2 4 5 0 0 4 0 0 1 0 2 0 1 4 0 0 0 0 3 1 1 2 1 1 0 4 1 0 0 0 1 0 0 1 0 2 1 1 0 0 0 0 0 0 0 0 0
2 3 4 1 0 4 2 4 1 5 2 8 4 2 1 5 0 5 1 2 2 2 4 2 1 2 0 3 0 1 0 2 0 0 0 0 0 1 3 1 1 2 0 2 1 2 3 2 0 2 0 2 1 2 2 2 1 1 1 1 2 0 1 0 3 0 1 4 1 3 1 1 2 2 0 0 2 1 3 0 1 0 4 2 0 1 1 5 0 1 3 0 0 2 1 1 3 0 1 2 0 0 2 2 2 1 0 0 0 0 0 0
4 1 7 2 3 4 3 10 12 4 0 8 4 3 2 10 7 4 5 1 2 6 5 3 2 3 3 3 4 7 3 1 3 1 4 2 2 7 4 3 2 2 0 3 0 1 1 1 0 0 4 1 2 7 0 1 0 1 3 4 0 1 3 1 2 1 5 0 1 1 4 2 0 0 1 0 0 1 8 0 2 1 1 3 0 1 0 3 1 0 2 0 1 0 0 0 1 1 0 0 1 2 0 2 0 0 0 0 0 0 0 0
2 2 6 1 0 6 7 3 15 2 4 8 4 4 3 3 4 7 4 6 1 6 7 2 4 6 6 0 4 6 8 1 1 2 1 0 7 6 2 5 6 0 5 0 2 1 3 3 0 3 4 3 6 0 1 1 1 5 2 5 1 1 2 2 2 2 2 2 1 4 1 1 3 0 0 0 1 0 1 0 6 0 3 3 0 0 1 2 1 0 3 0 1 3 1 2 0 3 0 2 0 1 2 1 1 1 1 1 0 0 0 0
1 2 6 2 1 2 1 7 3 9 2 8 2 0 3 12 4 2 4 3 2 1 0 2 1 1 1 2 3 3 1 1 2 0 0 0 0 4 2 1 1 0 1 0 0 0 0 0 0 0 3 1 0 8 0 4 0 1 1 2 1 0 14 0 4 2 1 0 0 0 7 3 2 3 0 0 0 9 0 1 0 2 0 1 2 2 0 2 0 0 4 0 0 0 0 0 0 0 0 0 0 0 0 0 0 1 0 1 0 0 0 0
6 2 3 3 0 7 2 2 3 3 10 4 1 1 2 2 1 0 2 2 1 0 1 3 3 0 3 1 0 2 1 0 3 2 1 0 0 4 0 2 2 1 1 1 1 0 0 1 2 0 0 0 0 3 0 3 0 0 1 1 0 0 0 0 0 1 0 1 0 1 1 0 0 1 0 0 0 2 2 1 2 0 0 0 2 1 0 1 0 0 4 0 0 0 0 0 0 0 0 0 0 1 0 0 0 0 0 0 0 0 0 0
2 6 6 3 2 4 4 8 11 6 1 8 4 6 2 12 8 1 5 4 4 3 11 3 3 1 6 2 1 8 1 2 2 1 1 1 0 4 4 2 2 0 5 3 3 2 0 3 4 1 2 0 2 5 4 1 0 1 3 1 3 0 2 3 3 8 2 1 0 5 4 1 4 1 0 0 0 1 0 0 1 1 1 6 0 1 3 12 0 0 0 0 0 1 1 1 0 0 0 1 1 0 1 0 0 0 2 0 2 1 0 0
3 0 4 0 1 1 2 2 6 5 5 5 3 0 1 4 3 1 4 6 1 0 3 2 2 8 3 2 1 4 1 2 2 2 3 0 1 3 4 1 1 0 0 0 1 2 2 2 2 1 2 0 1 2 0 0 0 1 0 0 0 2 3 2 0 0 1 4 1 3 1 1 0 0 0 0 0 0 0 0 2 0 0 0 1 3 0 1 0 1 1 0 0 0 0 0 1 1 1 0 0 0 0 0 1 0 0 0 0 0 0 0
1 2 0 5 0 1 0 2 1 0 1 2 5 7 2 1 7 1 0 1 5 6 1 0 3 1 1 1 0 4 1 0 0 1 1 0 1 3 2 0 0 1 1 0 2 2 3 0 6 3 0 3 0 3 0 1 6 0 0 1 0 2 1 0 0 0 3 1 0 2 0 0 1 2 0 0 1 0 5 0 5 1 2 0 0 2 2 4 1 0 6 1 0 0 0 1 0 1 1 0 1 0 1 0 0 0 0 0 0 3 0 0
5 0 4 1 1 4 2 0 2 1 1 2 3 1 5 2 0 1 1 2 2 1 0 2 0 3 0 2 4 2 2 2 0 4 1 1 1 14 1 1 3 0 0 0 2 0 1 4 2 2 1 1 1 3 1 1 0 0 1 1 0 0 0 1 0 0 0 1 0 1 0 4 0 4 3 0 0 1 1 0 0 1 0 1 2 1 0 0 4 0 0 1 0 0 0 1 0 1 1 0 0 0 0 0 0 0 0 1 2 1 0 0
1 2 4 1 2 2 3 1 3 7 3 2 1 0 0 9 6 2 4 0 2 1 4 1 5 5 0 2 2 3 0 1 2 2 4 1 1 3 1 1 3 1 1 0 1 0 2 3 1 1 2 1 1 10 0 1 0 1 2 3 0 0 14 2 3 2 0 3 1 0 12 2 2 4 2 0 0 10 0 11 1 0 1 4 0 2 0 3 0 0 0 1 0 2 0 1 0 0 1 0 0 0 1 0 0 1 0 1 0 0 0 0
1 0 0 1 0 0 0 1 0 0 1 3 5 3 0 1 5 3 2 3 7 5 1 4 1 6 4 2 1 2 1 1 3 1 4 1 2 1 1 2 0 5 0 1 4 0 1 3 5 0 1 2 4 3 0 0 0 1 3 2 0 3 2 1 0 3 1 1 2 5 1 0 2 0 1 0 1 0 1 0 8 3 0 2 0 3 1 1 1 0 1 0 0 1 1 0 1 2 0 2 0 0 1 0 2 0 0 0 0 1 0 0
0 0 0 0 0 1 4 2 1 0 0 2 0 3 0 0 7 5 2 1 2 1 0 2 3 3 1 3 4 1 1 4 4 1 4 1 0 2 0 0 1 1 0 0 5 1 2 12 3 2 0 2 3 2 4 0 2 2 0 2 2 1 1 1 1 2 10 3 0 0 1 4 0 0 0 0 1 0 9 0 3 3 4 2 0 1 6 2 0 0 5 0 0 0 4 0 6 1 2 1 3 2 1 3 0 0 1 5 6 1 1 0
4 0 3 0 1 3 1 4 1 1 1 4 0 1 2 2 0 1 6 0 0 0 2 4 1 5 0 1 3 1 1 2 0 0 0 0 1 3 2 1 0 0 0 0 0 3 1 1 3 2 0 0 1 0 2 1 1 4 0 2 1 0 2 1 6 2 0 2 0 0 0 0 0 1 0 2 0 0 0 1 1 0 1 1 1 2 0 1 1 0 0 0 0 0 0 1 0 2 0 0 0 0 0 0 0 0 0 1 1 0 0 0
0 0 3 0 1 1 0 1 1 1 0 1 2 1 2 0 2 3 0 9 1 3 0 0 1 2 1 3 1 5 4 0 1 1 4 1 2 2 4 1 1 2 0 0 1 2 2 5 3 3 0 1 0 3 3 0 3 0 0 0 3 2 3 3 0 0 2 0 1 1 0 3 0 1 2 1 0 1 2 1 5 7 0 1 0 1 2 2 4 2 1 0 0 6 1 0 1 0 1 0 0 2 0 1 0 1 1 1 1 4 0 0
2 1 0 0 0 0 2 3 1 0 0 0 1 2 0 1 5 4 0 1 8 1 2 0 1 1 2 1 3 2 4 4 2 0 3 0 1 4 2 0 1 0 0 1 3 2 2 4 2 0 1 2 1 5 1 0 4 0 4 2 3 3 0 1 4 1 4 1 1 2 0 2 3 2 0 3 1 1 2 0 6 0 1 1 1 2 0 3 2 0 0 2 1 0 1 1 5 0 0 2 0 1 1 5 0 1 3 1 1 3 2 0
1 1 0 0 0 0 0 0 0 0 0 1 0 3 0 1 4 1 1 3 1 9 1 1 1 2 1 2 1 0 2 1 0 0 3 2 0 3 0 0 0 2 0 0 0 1 0 0 1 1 0 0 1 0 1 0 4 0 0 0 0 6 1 0 0 1 3 1 0 0 0 1 0 0 0 0 1 0 1 0 1 2 2 1 0 0 0 1 2 0 1 0 0 1 2 0 3 2 0 0 4 4 0 1 0 0 0 0 1 4 0 0
1 1 0 1 2 1 0 1 3 1 0 1 1 2 0 0 1 0 2 0 2 0 11 3 1 0 1 2 1 1 3 2 1 0 2 2 1 0 2 3 0 5 1 2 4 2 0 3 2 4 1 2 1 0 0 1 1 2 3 2 3 0 3 1 3 1 1 0 2 0 2 1 3 1 1 9 0 0 1 0 1 0 3 3 1 1 1 1 8 0 3 0 0 4 3 0 1 1 0 0 0 0 0 5 0 0 0 0 1 4 0 0
0 0 0 0 0 0 0 1 0 0 0 0 0 0 0 0 0 0 0 1 0 4 0 0 1 0 1 1 0 2 1 0 2 1 2 2 0 1 2 2 0 0 1 0 1 0 1 0 3 0 0 1 1 0 1 0 0 0 0 2 1 1 2 0 2 1 1 1 0 0 1 1 0 0 1 0 0 0 0 1 0 2 1 0 0 2 1 0 0 0 0 0 0 0 0 0 2 2 2 0 1 0 0 2 1 0 0 2 0 0 0 0
0 0 0 1 0 0 1 0 0 1 0 1 2 0 0 2 0 2 0 3 0 2 0 0 3 2 1 2 1 1 2 2 0 0 3 0 2 1 1 0 1 1 2 1 2 0 2 0 2 8 0 3 0 1 3 0 5 0 0 0 2 0 0 0 1 1 2 3 1 2 1 1 1 0 1 0 1 0 1 0 2 2 0 2 1 2 0 0 3 0 0 0 0 0 2 0 2 0 1 1 3 1 1 3 0 1 0 0 2 0 2 1
1 0 0 0 0 0 0 1 1 0 0 3 0 1 1 0 2 5 2 0 1 0 2 1 2 10 4 1 2 1 5 5 1 1 4 0 1 2 9 1 1 2 1 0 5 0 0 6 6 1 0 0 9 1 3 3 3 5 6 3 3 3 3 2 0 6 2 3 2 6 1 4 0 3 2 2 0 0 2 0 1 1 0 2 3 2 2 1 1 0 3 1 0 5 6 0 1 0 0 1 1 2 1 0 1 0 0 0 1 2 2 1
0 0 2 0 0 1 0 1 0 0 0 0 1 0 0 4 0 0 1 1 0 0 1 0 2 0 2 1 0 2 5 4 0 0 1 0 0 4 1 0 1 0 3 0 0 0 0 1 2 3 1 1 0 0 0 0 1 1 0 0 3 1 2 1 2 2 0 1 1 0 0 0 2 1 1 0 0 0 2 1 1 1 1 2 0 2 1 0 1 1 1 0 0 0 0 1 2 2 0 1 1 3 0 0 1 0 0 1 0 0 0 0
0 1 0 1 0 1 1 1 2 0 0 1 1 0 0 0 0 2 0 1 3 0 3 0 1 4 2 5 0 0 2 0 3 0 1 0 0 0 0 1 3 4 1 0 2 0 2 3 0 2 1 1 4 1 0 2 4 0 2 2 3 1 1 0 1 6 3 4 3 2 1 0 3 2 0 0 1 0 0 1 3 2 6 0 0 4 2 3 1 1 1 1 0 1 0 0 2 2 0 1 4 1 2 0 0 1 2 0 2 0 0 0
0 1 0 1 0 1 0 0 0 2 0 0 1 0 1 2 0 1 0 1 0 0 1 0 0 2 0 2 3 0 1 2 5 0 2 0 3 3 1 2 1 0 0 1 2 0 2 1 0 2 1 0 0 0 0 0 0 0 0 0 1 0 1 0 1 0 0 1 1 8 1 3 0 0 0 0 2 0 1 0 2 1 0 1 0 1 1 1 1 0 0 0 0 0 0 1 1 0 1 0 0 0 2 0 0 0 1 0 0 0 0 0
0 0 0 0 0 1 0 2 1 0 1 1 0 1 1 0 3 0 0 0 1 1 2 0 1 1 2 1 1 3 1 0 1 0 3 2 0 1 0 1 0 1 0 1 1 0 1 1 1 1 0 1 1 1 0 1 1 1 1 3 0 1 3 1 3 2 1 3 2 0 2 1 2 0 1 1 0 0 0 0 3 0 2 0 0 3 1 2 4 0 3 3 0 0 0 0 0 3 0 0 0 0 1 0 0 0 0 0 1 1 0 0
0 0 0 0 0 1 0 1 0 0 0 1 0 1 1 1 1 1 0 0 1 0 2 1 2 3 1 0 4 1 13 0 2 0 1 0 0 1 0 1 1 4 0 0 1 2 2 4 0 4 1 8 2 2 1 0 4 1 1 1 3 3 1 1 1 1 4 1 1 7 1 1 1 4 1 1 0 0 1 3 5 2 0 2 1 0 3 1 2 0 9 1 1 1 4 0 5 4 0 2 3 0 0 3 0 0 0 3 2 1 1 1
0 0 0 0 1 2 0 1 0 0 0 0 2 1 0 1 0 0 0 1 0 2 1 0 1 0 0 1 0 2 0 3 0 0 0 0 0 0 0 5 0 0 0 0 0 0 0 0 1 1 2 1 1 1 0 0 2 0 0 0 1 0 0 1 1 1 1 2 0 0 0 0 0 0 0 0 0 0 0 0 1 0 1 2 0 1 0 0 1 0 1 0 0 0 0 0 0 0 1 0 0 2 0 2 0 0 1 0 0 2 0 0
0 0 0 0 0 0 0 0 0 0 0 0 0 0 0 0 0 0 0 0 1 0 0 0 0 3 0 0 0 0 3 0 0 0 0 0 0 1 0 0 0 1 0 0 1 1 2 0 0 5 0 0 0 1 0 0 0 1 0 1 0 0 0 1 0 0 0 0 1 0 0 0 0 2 2 1 2 1 0 0 0 0 2 0 0 2 0 0 0 0 3 0 0 1 0 0 0 0 2 0 1 2 6 1 0 0 0 0 0 1 0 1
0 1 0 0 0 0 0 0 1 0 0 0 1 0 0 1 0 0 2 0 0 0 0 0 0 1 0 0 1 0 0 0 0 0 1 0 1 0 0 0 0 1 0 0 0 0 0 0 0 1 0 0 0 0 1 0 1 1 1 0 0 1 0 0 0 0 0 0 0 1 1 1 0 0 2 0 0 1 0 0 0 0 1 0 0 0 0 0 0 0 1 1 0 1 1 0 0 1 0 0 0 0 0 0 0 0 0 0 0 0 0 0
0 0 1 0 1 1 0 1 0 0 0 1 0 1 0 0 0 1 0 0 1 0 2 2 1 1 0 1 0 1 4 0 0 0 3 1 0 1 0 0 0 4 1 0 2 0 1 3 1 1 0 0 1 1 1 0 0 0 0 1 1 0 1 2 1 0 0 0 1 3 0 2 1 1 0 0 0 0 2 0 0 0 0 1 0 1 0 1 0 0 1 0 1 1 1 0 1 1 1 0 3 1 1 1 0 0 1 0 0 2 2 0
0 0 0 0 0 0 0 0 0 0 0 0 0 0 0 0 0 0 0 0 0 1 1 0 0 0 0 1 0 0 0 1 0 0 1 0 0 1 0 0 0 0 0 0 0 1 0 0 0 0 1 1 0 0 0 0 0 0 0 0 0 3 0 1 0 0 1 0 0 7 1 0 0 0 1 0 0 0 0 0 0 0 0 0 0 0 0 0 0 0 0 0 0 3 1 0 0 0 4 1 1 0 0 0 0 0 0 0 1 2 0 0
0 0 0 0 1 0 0 0 0 0 0 0 0 0 0 0 0 0 0 0 0 0 0 0 0 0 0 2 1 1 0 0 0 0 1 1 1 0 0 0 0 1 0 0 1 0 0 0 0 0 0 0 0 0 1 0 0 0 0 1 1 0 1 0 0 0 0 0 0 1 1 1 1 0 0 1 0 0 0 0 0 0 0 0 0 1 1 1 0 0 2 0 0 0 0 0 0 2 3 0 0 1 1 0 0 0 0 0 0 1 0 0
1 0 0 0 0 0 0 0 1 1 0 0 1 1 0 0 1 2 0 0 0 0 1 0 0 2 0 0 1 0 0 0 0 2 1 0 1 20 0 1 1 1 0 0 1 0 0 3 0 0 1 0 3 1 0 1 1 1 1 0 0 1 0 0 0 0 0 2 0 1 1 2 2 1 10 1 3 0 0 0 0 2 0 2 0 0 0 3 0 0 0 0 0 0 1 0 0 0 0 1 0 0 3 0 0 1 0 0 0 0 0 0
0 0 0 0 0 0 0 0 0 0 0 0 0 0 0 0 1 0 0 0 0 0 0 0 1 1 0 0 0 0 1 0 0 0 0 0 0 0 2 0 1 2 0 0 0 0 0 0 0 0 0 0 0 0 0 0 0 0 0 1 1 2 2 0 0 0 1 0 0 0 0 1 1 0 0 0 0 0 0 0 0 3 1 0 0 0 0 0 0 0 0 0 0 0 0 0 1 0 1 1 0 1 0 0 0 0 0 0 0 0 0 0
0 0 0 0 0 0 0 0 0 0 0 1 0 0 0 0 0 1 1 0 0 0 0 0 0 0 0 0 0 0 0 0 1 0 0 0 0 0 0 3 1 1 0 0 2 0 0 0 0 1 0 0 0 0 0 1 2 1 0 1 1 0 0 0 0 0 0 0 3 1 0 0 1 3 0 2 0 0 0 0 0 0 0 0 0 0 0 0 1 0 1 1 1 0 0 0 1 0 0 0 1 0 0 0 0 0 0 0 0 0 0 0
0 0 1 0 0 0 0 1 0 0 0 0 0 0 0 0 2 1 0 1 1 0 0 0 0 1 0 0 0 0 1 0 0 0 0 0 0 0 0 3 5 0 1 0 0 0 0 1 0 0 4 0 0 2 0 0 0 0 0 1 0 0 0 0 0 0 0 0 0 0 1 0 3 5 0 0 0 1 0 0 0 0 0 0 0 1 0 0 0 0 19 0 0 0 0 0 0 0 0 0 0 0 0 0 0 0 0 0 0 0 0 0
0 0 0 0 0 0 0 1 0 0 0 1 0 1 0 0 0 1 0 0 0 0 1 0 1 1 0 1 0 0 5 0 0 0 2 0 0 0 1 0 0 3 0 0 3 0 0 4 2 3 2 0 4 0 0 0 3 0 1 1 5 0 0 0 0 1 2 1 0 4 0 0 0 2 1 0 0 0 3 0 0 0 1 1 1 0 2 0 2 1 4 0 0 3 8 0 2 8 1 0 1 2 0 3 0 2 6 0 2 7 0 4
1 0 0 0 1 0 0 0 0 0 0 0 0 0 0 0 1 0 0 0 0 0 0 1 0 1 0 1 0 0 0 0 0 0 1 0 2 1 0 0 1 0 8 0 1 0 0 0 0 0 0 0 0 0 0 1 0 0 1 2 0 0 2 0 2 1 1 0 2 0 0 0 1 0 1 0 0 0 0 0 0 0 0 0 0 0 0 0 1 0 4 0 2 0 0 0 0 0 0 1 0 0 0 0 0 0 0 0 0 1 0 0
0 0 0 0 0 0 0 0 0 0 0 0 0 0 0 0 0 0 0 0 0 0 0 0 0 0 0 0 0 0 0 0 0 0 1 0 0 0 0 0 0 0 0 1 0 0 0 0 0 0 0 0 0 0 0 0 2 0 0 0 0 0 0 0 0 0 0 0 0 0 0 0 0 0 0 0 0 0 0 0 0 0 2 0 0 0 0 0 0 0 1 0 0 0 0 0 0 0 0 0 0 0 0 0 0 0 0 0 0 0 0 0
0 0 0 0 0 0 0 0 0 0 0 0 0 0 0 0 1 0 0 1 0 0 0 0 0 0 1 1 0 0 1 0 1 0 0 0 0 0 0 0 0 1 0 0 3 0 0 2 3 4 1 0 1 0 4 0 1 0 2 2 1 1 3 0 0 1 1 0 1 4 0 0 0 0 1 3 0 1 0 0 2 0 0 1 1 0 0 0 0 1 1 1 0 2 3 0 3 3 0 0 2 0 2 5 0 0 6 1 6 1 4 0
0 0 0 0 0 0 0 0 0 0 0 0 0 0 0 0 0 0 0 0 0 0 0 0 0 0 0 0 0 0 1 0 0 1 0 0 0 0 0 0 0 0 0 0 0 1 0 0 1 0 0 0 0 1 0 0 0 0 0 0 1 0 1 0 0 0 1 0 0 0 0 0 0 0 0 0 0 0 0 0 0 0 0 0 0 0 0 0 1 0 0 0 0 0 2 0 0 0 0 0 0 0 0 0 0 0 0 0 0 0 0 0
0 0 0 0 0 0 0 0 0 0 0 0 0 0 0 0 0 0 0 0 0 0 0 0 0 0 1 0 0 1 0 0 0 0 1 0 0 0 0 0 0 0 0 0 1 0 2 1 0 0 3 0 1 0 1 0 0 0 0 0 0 0 0 1 0 0 2 0 1 0 0 0 1 1 0 1 1 0 0 1 1 1 1 0 0 0 0 1 0 2 1 0 2 0 0 0 0 1 0 1 0 0 2 2 0 0 0 1 0 0 0 0
0 1 0 0 0 0 0 0 0 0 0 0 0 0 2 0 1 0 0 0 0 1 0 0 0 1 0 2 0 0 0 1 0 0 1 0 0 1 0 0 0 7 0 0 2 0 0 4 2 1 1 1 4 0 0 0 2 0 3 0 2 2 0 0 0 1 1 2 0 1 0 0 1 0 0 1 5 0 1 1 1 0 0 0 1 0 1 2 6 0 1 0 1 2 1 0 1 1 3 0 0 1 0 3 0 0 0 0 0 1 1 2
0 0 0 0 0 0 0 0 0 0 0 0 0 0 0 0 0 0 0 0 0 0 1 0 0 0 1 0 0 0 1 0 1 0 0 0 0 0 0 0 0 3 1 0 1 0 0 0 0 1 0 1 0 0 1 0 2 0 0 1 1 1 0 1 2 1 0 1 0 1 1 0 5 0 0 0 1 1 1 0 2 0 0 0 0 0 1 3 1 0 0 0 1 0 3 0 2 1 1 0 2 0 0 1 0 1 2 2 1 0 0 0
0 0 0 0 0 0 0 0 0 0 0 0 0 0 0 0 1 1 0 0 0 0 0 0 0 0 0 1 0 0 1 0 0 0 0 0 0 0 0 0 0 2 1 0 0 0 1 1 2 8 0 0 0 1 1 0 1 0 0 3 1 2 0 0 0 0 0 1 2 0 0 1 4 1 0 2 1 2 2 0 0 0 3 0 0 0 0 1 1 0 3 1 0 0 0 0 0 2 0 1 1 0 2 2 2 0 4 0 2 1 0 0
0 0 0 0 0 0 0 0 0 0 0 1 0 0 0 0 0 0 0 0 0 1 0 0 0 0 0 0 0 1 1 0 0 0 0 0 1 0 0 0 1 1 0 0 3 0 0 1 0 0 2 0 0 0 1 0 3 0 0 3 0 0 2 0 0 2 1 0 3 0 2 0 1 5 0 0 0 0 1 0 0 0 0 0 0 0 0 0 0 1 1 0 0 0 0 0 0 0 0 0 0 0 0 0 0 0 0 0 0 0 0 0
0 0 0 0 0 1 0 0 1 0 0 0 0 0 0 0 0 0 0 0 0 0 0 0 0 0 0 1 0 0 0 0 0 0 0 0 0 0 0 0 0 0 0 0 0 0 3 1 0 0 0 3 0 0 0 0 0 0 0 1 2 0 0 0 0 0 1 1 0 0 0 1 0 0 0 1 1 1 2 0 1 2 1 0 0 0 0 2 0 0 0 1 1 0 0 0 8 0 1 0 0 1 1 1 0 0 0 1 0 0 0 0
0 0 0 0 0 0 0 0 0 0 0 0 1 0 0 0 0 1 0 0 1 0 0 0 0 0 1 0 0 0 0 0 1 1 0 0 0 0 0 0 0 2 1 0 1 0 0 1 0 0 0 0 13 0 1 0 0 0 0 0 1 2 0 0 0 0 1 0 0 1 1 0 0 0 0 0 0 0 2 1 1 0 0 0 0 0 0 0 0 0 2 0 0 2 1 0 1 1 0 0 0 2 1 0 0 0 0 0 2 0 1 0
0 0 0 0 0 0 0 0 0 0 0 1 0 0 0 0 0 0 1 0 0 0 0 0 0 0 0 0 0 0 0 0 0 0 0 0 0 0 0 0 0 0 0 0 0 0 0 1 0 1 0 0 0 1 0 0 0 0 0 1 0 0 4 0 0 0 0 0 0 0 5 1 1 0 0 0 0 9 1 2 0 0 0 0 1 0 0 0 0 0 5 0 1 0 0 0 1 0 0 0 1 0 0 1 0 0 0 0 0 0 0 0
0 0 0 0 0 0 0 0 0 0 0 0 0 0 0 0 0 0 0 1 0 0 0 0 0 0 0 0 0 0 0 0 0 0 0 0 0 0 0 0 0 1 0 0 0 1 0 0 0 1 1 0 0 0 3 0 0 0 0 3 2 0 0 0 0 1 0 0 0 0 0 0 1 0 1 0 0 1 0 0 0 1 0 0 0 0 0 0 0 0 1 0 0 1 3 1 1 1 0 2 0 0 0 1 0 0 2 0 0 1 1 0
0 0 0 0 0 0 0 0 0 1 0 0 0 0 0 0 1 0 0 0 0 0 0 0 0 0 0 0 0 0 0 0 0 0 0 0 0 0 0 0 0 0 0 0 0 0 0 0 0 0 0 0 0 0 0 0 0 1 0 0 0 0 0 0 0 0 0 0 0 0 0 0 0 0 0 0 0 0 0 0 0 0 0 0 0 0 0 0 0 0 0 0 0 0 0 0 0 0 0 0 0 0 0 0 0 0 0 0 0 0 0 0
0 0 0 0 0 0 0 0 0 0 0 0 0 0 0 0 0 0 0 1 0 0 0 0 0 0 0 1 0 0 0 0 0 0 0 0 0 0 1 0 0 0 0 0 0 0 0 0 0 0 0 2 0 0 0 0 6 1 0 0 1 1 0 0 0 0 1 0 0 0 0 0 0 0 2 2 0 0 4 1 1 0 0 0 0 1 0 0 0 0 1 0 0 0 1 0 3 0 0 0 0 0 0 1 0 1 1 0 0 0 0 0
0 0 0 0 0 0 0 0 0 0 0 0 2 0 0 0 0 0 0 0 0 0 0 0 0 0 0 0 0 0 0 0 0 0 0 0 0 0 0 0 1 0 0 2 0 0 0 0 0 0 0 0 0 0 0 0 0 1 0 0 0 0 0 0 0 0 0 0 0 0 0 0 0 0 0 0 0 0 0 0 0 0 0 0 0 0 0 1 0 0 0 0 0 0 0 0 0 0 0 0 0 0 0 0 0 0 0 0 0 0 0 0
0 0 0 0 0 0 0 0 0 0 0 0 0 0 0 0 0 0 0 0 0 0 0 0 0 0 0 0 0 0 0 0 0 0 0 0 0 0 0 0 0 0 0 0 0 0 0 1 0 0 0 1 0 0 0 0 0 0 0 0 2 0 0 0 0 0 0 0 0 0 0 0 0 0 0 1 0 0 0 0 0 0 1 0 0 0 0 0 0 0 0 0 0 0 1 0 1 0 0 0 0 0 1 0 0 0 0 0 0 0 0 1
0 0 0 0 0 0 0 0 0 0 0 0 0 1 0 1 1 0 0 0 1 0 0 0 0 0 0 0 0 0 0 0 0 0 0 0 0 0 0 0 0 0 0 0 0 0 0 0 0 1 0 1 1 0 0 0 0 0 1 10 0 0 0 0 1 0 0 1 0 0 0 0 0 0 0 0 0 0 0 3 0 0 0 0 1 0 0 0 0 0 1 6 1 0 0 0 0 0 1 0 0 0 0 0 0 0 0 1 0 0 0 0
0 0 0 0 0 0 0 0 0 0 0 0 0 0 0 0 0 0 0 0 0 0 0 0 0 0 0 0 0 0 0 0 0 0 0 0 0 0 0 0 0 1 0 0 0 0 0 2 1 0 1 0 0 0 0 0 0 0 0 0 3 1 0 0 0 0 0 0 0 0 0 0 0 0 0 2 0 0 2 0 1 0 0 1 0 0 0 0 0 0 0 1 2 1 0 0 1 1 1 0 0 0 0 0 0 1 3 1 1 2 0 0
0 0 0 0 0 0 0 0 0 0 0 1 0 0 0 1 1 0 1 0 0 0 1 0 0 0 0 0 0 0 0 0 0 0 0 0 0 0 0 0 0 0 0 0 0 0 0 1 0 0 0 0 0 0 0 0 0 0 0 0 0 1 0 0 1 0 0 0 0 0 0 0 1 0 0 0 0 0 1 0 0 0 0 0 0 0 0 0 0 0 0 0 0 0 0 0 1 0 0 0 0 0 0 2 0 0 0 0 0 2 0 0
0 0 0 0 0 0 0 0 0 0 0 0 0 0 0 0 0 0 0 0 0 0 0 0 0 0 0 0 0 0 0 0 0 0 0 0 0 0 0 0 0 0 0 0 0 0 1 0 1 0 0 0 0 1 0 0 0 0 0 0 0 0 0 0 0 0 0 0 0 0 9 0 0 0 0 0 0 8 0 9 0 0 0 0 0 0 0 1 0 0 0 0 0 0 0 0 0 0 0 0 0 0 0 0 0 0 0 0 1 0 0 0
0 0 0 0 0 0 0 0 0 0 0 0 0 0 0 0 0 0 0 0 0 0 0 0 0 0 0 0 0 0 0 0 0 0 0 0 0 0 0 0 0 0 0 0 0 0 0 0 0 0 0 0 0 0 1 0 0 0 0 0 0 0 0 0 0 0 0 0 0 0 0 0 0 0 0 0 1 0 0 0 0 0 0 0 0 0 0 0 0 1 0 0 0 0 0 0 0 0 0 0 0 0 1 0 0 0 0 0 0 0 0 0
1 0 0 0 0 0 0 0 0 0 0 1 0 0 0 0 0 0 0 0 0 0 0 0 0 0 0 0 0 0 0 0 0 0 0 0 0 0 0 0 0 0 0 0 0 0 0 1 0 0 0 0 0 0 0 0 0 0 0 1 0 0 0 0 0 0 0 0 0 0 0 0 0 0 0 0 0 0 0 0 0 0 0 0 0 0 0 0 0 0 1 0 0 0 0 0 0 0 0 0 0 0 0 0 0 0 0 0 0 0 0 0
0 0 0 0 0 0 0 0 0 0 0 0 0 0 0 0 0 0 0 0 0 0 0 0 0 0 0 0 0 0 0 0 0 0 0 0 0 0 0 0 0 0 0 0 0 0 0 0 0 0 0 0 0 0 0 0 0 0 0 0 0 0 0 0 0 2 0 0 0 0 0 0 0 0 2 0 0 2 0 0 0 0 1 0 0 0 0 0 1 0 0 0 0 0 0 0 0 0 0 0 0 0 0 1 0 0 0 0 0 0 0 0
0 0 0 0 0 0 0 0 0 0 0 0 0 0 0 0 0 0 0 0 0 0 0 0 0 0 0 0 0 0 0 0 0 0 0 0 0 1 0 0 0 0 0 0 1 0 0 0 0 0 0 0 0 0 0 0 0 0 0 0 0 0 0 0 0 0 3 0 0 0 0 0 0 0 0 0 0 0 1 0 0 0 0 0 0 0 0 0 0 0 0 0 0 0 1 0 0 1 0 0 0 0 0 0 0 0 0 0 0 0 0 0
0 0 0 0 0 0 0 0 0 0 0 0 0 0 0 0 0 0 0 0 0 0 0 0 0 0 0 0 0 0 0 0 0 0 0 0 0 0 0 0 0 0 0 0 0 0 0 0 0 0 0 0 0 0 0 0 0 0 0 0 0 1 0 0 0 0 0 1 0 0 0 0 0 0 0 1 0 0 0 0 0 0 0 0 0 0 0 0 0 0 0 0 0 0 0 0 0 0 0 0 0 0 0 0 0 0 0 0 0 0 0 0
0 0 0 0 0 0 0 0 0 0 0 0 0 0 0 0 0 0 0 0 0 0 0 0 0 0 0 0 0 0 0 0 0 0 0 0 0 0 0 0 0 0 0 0 0 0 0 0 0 0 0 0 0 0 0 0 0 0 0 0 0 0 0 0 0 0 0 0 1 0 0 0 0 0 0 0 0 0 0 0 0 0 0 0 0 0 0 0 0 0 0 0 0 0 0 0 0 0 0 0 0 0 0 0 0 0 0 0 0 0 0 0
0 0 0 0 0 0 0 0 0 0 0 0 0 0 0 0 0 0 0 0 0 0 0 0 0 0 0 0 0 0 0 0 0 0 0 0 0 0 0 0 0 0 0 0 0 0 0 0 0 0 0 0 0 0 0 0 0 0 0 0 0 0 0 0 0 0 0 0 0 1 0 0 0 0 0 0 0 0 0 0 0 0 0 0 0 0 0 0 0 0 0 0 0 0 0 0 0 0 0 0 0 0 0 0 0 0 0 0 0 0 0 1
0 0 0 0 0 0 0 0 0 0 0 0 0 0 0 0 0 0 0 0 0 0 0 0 0 0 1 0 0 0 0 0 0 0 0 0 0 0 0 0 0 0 0 0 0 0 0 0 0 0 1 0 0 0 0 0 0 0 0 0 0 0 0 0 0 0 0 0 0 0 1 0 0 0 0 0 0 3 0 0 0 0 0 0 0 0 0 0 0 0 0 0 0 0 0 0 0 0 0 0 0 0 0 0 0 0 0 0 0 0 0 0
0 0 0 0 0 0 0 0 0 0 0 0 0 0 0 0 0 0 0 0 0 0 0 0 0 0 0 0 0 0 0 0 0 0 0 0 0 0 0 0 0 0 0 0 0 0 0 1 0 0 0 0 0 0 0 0 0 0 0 0 0 0 0 0 0 0 0 0 0 0 0 0 0 0 0 0 0 0 0 0 0 0 0 0 0 0 0 0 0 0 0 0 0 0 0 0 0 0 0 0 0 0 0 0 0 0 0 0 0 0 0 0
0 0 0 2 0 0 0 0 0 0 0 0 0 0 0 0 0 0 0 0 0 0 0 0 0 0 0 0 0 0 0 0 0 0 0 0 0 0 0 0 0 0 0 0 0 0 0 0 0 0 0 0 0 0 0 0 0 0 0 0 0 0 0 0 0 0 0 0 0 0 0 0 0 1 0 0 0 0 0 0 0 0 0 0 0 0 0 0 1 0 0 0 0 0 0 0 0 0 0 0 0 0 0 0 0 0 0 0 0 0 0 0
0 0 0 0 0 0 0 0 0 0 0 0 0 0 0 0 0 0 0 0 0 0 0 0 0 0 0 0 0 0 0 0 0 0 0 0 0 0 0 0 0 0 0 0 0 0 0 0 0 0 0 0 0 0 0 0 0 0 0 0 0 0 0 0 0 0 0 0 0 0 0 0 0 0 0 0 0 0 0 0 0 0 0 0 0 0 0 0 0 0 0 0 0 0 0 0 0 0 0 0 0 0 0 0 0 0 0 0 0 0 0 0
0 0 0 0 0 0 0 0 0 0 0 0 0 0 0 0 0 0 0 0 0 0 0 0 0 0 0 0 0 0 0 0 0 0 0 0 0 0 0 0 0 0 0 0 0 0 0 0 0 0 0 0 0 0 0 0 0 0 0 0 0 0 0 0 0 0 0 0 0 0 0 0 0 0 0 0 0 0 0 0 0 0 0 0 0 0 0 0 0 0 0 0 0 0 0 0 0 0 0 0 0 0 0 0 0 0 0 0 0 0 0 0
0 0 0 0 0 0 0 0 0 0 0 0 0 0 0 0 0 0 0 0 0 0 0 0 0 0 0 0 0 0 0 0 0 0 0 0 0 0 0 0 0 0 0 0 0 0 0 0 0 0 0 0 0 0 0 0 0 0 0 0 0 0 0 0 0 0 0 0 0 0 0 0 0 0 0 0 0 0 0 0 0 0 0 0 0 0 0 0 0 0 0 0 0 0 0 0 0 0 0 0 0 0 0 0 0 0 0 0 0 0 0 0
0 0 0 0 0 0 0 0 0 0 0 0 0 0 0 0 0 0 0 0 0 0 0 0 0 0 0 0 0 0 0 0 0 0 0 0 0 0 0 0 0 0 0 0 0 0 0 0 0 0 0 0 0 0 0 0 0 0 0 0 0 0 0 0 0 0 0 0 0 0 0 0 0 0 0 0 0 0 0 0 0 0 0 0 0 0 0 0 0 0 0 0 0 0 0 0 0 0 0 0 0 0 0 0 0 0 0 0 0 0 0 0
0 0 0 0 0 0 0 0 0 0 0 0 0 0 0 0 0 0 0 0 0 0 0 0 0 0 0 0 0 0 0 0 0 0 0 0 0 0 0 0 0 0 0 0 0 0 0 0 0 0 0 0 0 0 0 0 0 0 0 0 0 0 0 0 0 0 0 0 0 0 0 0 0 0 0 0 0 0 0 1 0 0 0 0 0 0 0 0 0 0 0 0 0 0 0 0 0 0 0 0 0 0 0 0 0 0 0 0 0 0 0 0
0 0 0 0 0 0 0 0 0 0 0 0 0 0 0 0 0 0 0 0 0 0 0 0 0 0 0 0 0 0 0 0 0 0 0 0 0 0 0 0 0 0 0 0 0 0 0 0 0 0 0 0 0 0 0 0 0 0 0 0 0 0 0 0 0 0 0 0 0 0 0 0 0 0 0 0 0 0 2 0 0 0 0 0 0 0 0 0 0 0 0 0 0 0 0 0 0 0 0 0 0 0 0 0 0 0 0 0 0 0 0 0
0 0 0 0 0 0 0 0 0 0 0 0 0 0 0 0 0 0 0 0 0 0 0 0 0 0 0 0 0 0 0 0 0 0 0 0 0 0 0 0 0 0 0 0 0 0 0 0 0 0 0 0 0 0 0 0 0 0 0 0 0 0 0 0 0 0 0 0 0 0 0 0 0 0 0 0 0 0 0 2 0 0 0 0 0 0 0 0 0 0 0 0 0 0 0 0 0 0 0 0 0 0 0 0 0 0 0 0 0 0 0 0
0 0 0 0 0 0 0 1 2 0 0 0 0 1 0 1 1 0 0 2 5 1 1 0 1 3 0 1 1 2 1 0 0 0 2 1 0 1 2 1 2 1 0 0 3 0 1 9 4 3 0 2 1 2 1 0 3 1 2 4 2 2 1 2 0 2 1 0 1 1 2 0 2 1 2 0 1 0 5 0 15 0 1 0 2 0 0 3 3 1 3 0 2 2 2 0 5 4 3 0 1 1 1 4 4 0 2 3 3 3 2 0
0 0 0 0 1 1 0 0 1 0 0 1 0 0 0 0 0 1 0 0 0 0 0 0 0 0 0 0 0 2 3 0 0 0 1 0 0 1 0 0 1 0 1 0 0 0 2 2 0 1 0 0 0 2 1 0 1 0 0 2 2 0 4 0 0 0 1 0 0 0 0 1 2 0 0 0 0 0 0 0 1 1 0 0 1 4 0 1 0 0 2 0 3 0 0 1 0 0 0 3 0 0 0 0 0 0 0 1 0 1 0 0
0 0 0 0 0 0 0 0 0 0 0 0 0 0 0 0 0 0 0 0 0 0 1 0 0 0 0 0 0 0 0 0 0 1 0 0 0 1 0 0 1 1 0 0 0 0 0 1 1 2 2 0 0 1 0 0 0 0 0 0 0 0 0 0 0 0 0 1 1 0 0 1 4 4 0 0 0 1 2 2 3 0 8 0 1 3 0 0 0 1 5 1 0 0 0 0 0 0 0 0 0 0 0 1 1 0 0 0 0 2 0 0
0 0 0 0 0 0 0 0 0 0 0 0 0 1 0 0 0 0 0 1 0 0 0 1 4 1 1 0 0 0 0 2 0 0 0 0 0 0 0 0 0 0 0 0 3 0 0 0 1 1 1 0 0 0 0 0 0 0 0 0 0 0 0 0 1 0 0 0 0 1 0 1 0 0 0 0 0 0 0 0 1 0 0 1 0 0 0 0 0 0 0 0 1 0 0 0 0 0 0 0 0 0 0 1 0 0 1 0 0 0 0 0
0 0 0 0 1 0 0 0 0 0 0 0 0 0 0 0 1 1 0 0 0 0 0 0 0 0 0 0 1 0 0 0 0 0 0 0 0 0 0 0 0 0 0 0 0 0 0 0 0 0 0 1 1 3 0 0 0 1 1 0 0 0 1 0 0 0 0 0 0 0 0 0 1 0 0 0 0 0 0 0 0 0 0 0 2 0 0 0 1 0 0 0 0 0 0 0 0 0 0 0 0 0 0 1 0 0 0 0 0 0 1 0
0 0 0 0 0 0 0 0 0 0 0 0 0 1 0 0 1 0 0 0 0 0 1 0 0 0 0 0 0 0 0 0 0 0 0 1 0 0 2 0 0 0 1 0 1 0 1 0 0 0 0 0 0 0 0 0 0 0 1 0 0 0 0 0 0 1 0 0 0 0 1 0 2 2 0 0 0 1 1 1 0 1 0 0 0 3 2 0 0 0 4 0 0 1 1 0 0 0 0 0 0 0 0 1 0 0 0 0 0 0 0 0
1 0 0 0 0 0 0 0 0 0 0 1 0 0 0 0 0 0 0 0 1 1 0 0 0 0 1 0 0 0 0 0 0 0 0 0 0 0 0 0 0 0 0 0 0 0 0 0 0 0 0 1 0 1 0 0 1 0 0 0 0 2 1 0 1 2 0 1 0 0 0 0 0 0 0 0 0 0 1 0 1 0 0 0 0 0 3 0 0 0 0 0 0 1 0 0 1 0 0 0 0 1 0 0 0 0 0 0 1 1 1 1
0 0 0 0 0 0 0 0 0 0 0 0 0 0 0 0 0 0 0 0 0 0 0 0 1 0 0 0 0 0 0 0 0 0 0 0 0 0 0 0 0 0 0 0 0 0 0 1 0 0 0 0 0 0 0 0 0 0 0 0 0 0 1 0 0 4 1 2 0 0 1 0 1 0 0 0 0 0 0 0 0 0 0 0 0 0 0 8 0 0 0 1 0 0 0 0 0 1 0 0 0 0 0 0 0 0 0 0 0 0 0 0
0 0 0 0 0 0 0 0 0 0 0 0 0 0 0 0 0 0 1 1 0 0 1 0 0 0 0 0 0 0 0 1 0 0 0 0 0 0 0 0 0 0 0 0 0 0 0 1 0 0 0 0 0 0 0 0 1 0 0 0 0 0 0 0 0 0 0 0 0 0 0 1 0 0 0 0 0 0 2 0 0 0 0 0 0 0 0 1 1 0 0 0 0 0 0 0 0 0 0 0 0 0 0 0 0 0 0 0 0 0 0 0
0 0 0 0 0 0 0 0 0 0 0 0 0 0 0 0 0 0 0 0 0 0 0 0 0 0 0 0 0 0 0 0 0 0 0 0 0 0 0 0 0 0 0 0 0 0 0 0 0 0 0 0 0 0 0 0 0 0 0 0 0 0 0 0 0 0 0 0 0 0 0 0 0 0 0 0 0 0 0 0 0 0 0 0 0 0 0 0 0 0 1 0 0 0 0 0 0 0 0 0 0 0 0 0 0 0 0 0 0 0 0 0
0 0 0 0 0 0 0 0 0 0 0 0 0 0 0 0 0 0 0 0 0 0 0 0 0 0 0 0 0 0 0 0 0 0 0 0 0 0 0 0 0 0 0 0 0 0 0 0 0 0 0 0 0 0 0 0 0 0 0 0 0 0 0 0 0 0 0 0 0 0 0 0 1 0 0 0 0 0 0 0 0 0 0 0 0 0 0 0 0 0 0 0 0 0 0 0 0 0 0 0 0 0 0 0 0 0 0 0 0 0 0 0
0 0 0 0 0 0 0 0 0 0 0 0 0 0 0 0 0 0 0 0 0 0 0 0 0 0 0 0 0 0 0 0 0 0 0 0 0 0 0 0 0 0 0 0 0 0 0 0 0 0 0 0 0 0 0 0 0 0 0 0 0 0 0 0 0 0 0 0 0 0 0 0 0 0 0 0 0 0 0 0 0 0 0 0 0 0 0 0 0 0 0 3 0 0 0 0 0 0 0 0 0 0 0 0 0 0 0 0 0 0 0 0
0 0 0 0 0 0 0 0 0 0 0 0 0 0 0 0 0 0 0 0 0 0 0 0 0 0 0 0 0 0 0 0 0 0 0 0 0 0 0 0 0 0 0 0 0 0 0 0 0 0 0 0 0 0 0 0 0 0 0 0 0 0 0 0 0 0 0 0 0 0 0 0 0 0 0 0 0 0 0 0 0 0 0 0 0 0 0 0 0 0 0 0 0 0 0 0 0 0 0 0 0 0 0 0 0 0 0 0 0 0 0 0
0 0 0 0 0 0 0 0 0 0 0 0 0 0 0 0 0 0 0 0 0 0 0 0 0 0 0 0 0 0 0 0 0 0 0 0 0 0 0 0 0 0 0 0 0 0 0 0 0 0 0 0 0 0 0 0 0 0 0 0 0 0 0 0 0 0 0 0 0 0 0 0 0 0 0 0 0 0 0 0 0 0 0 0 0 0 0 0 0 0 0 0 0 0 0 0 0 0 0 0 0 0 0 0 0 0 0 0 0 0 0 0
0 0 0 0 0 0 0 0 0 0 0 0 0 0 0 0 0 0 0 0 0 0 0 0 0 0 0 0 0 0 0 0 0 0 0 0 0 0 0 0 0 0 0 0 0 0 0 0 0 0 0 0 0 0 0 0 0 0 0 0 0 0 0 0 0 0 0 0 0 0 0 0 0 0 0 0 0 0 0 0 0 0 0 0 0 0 0 0 0 0 0 0 0 0 2 0 0 0 0 0 0 0 0 0 0 0 0 0 0 0 0 0
0 0 0 0 0 0 0 0 0 0 0 0 0 0 0 0 0 0 0 0 0 0 0 0 1 0 0 0 0 0 0 0 0 0 0 0 0 1 0 0 0 0 0 0 0 0 0 0 0 0 0 0 1 0 0 0 0 0 0 0 0 0 0 0 0 0 0 0 0 0 0 0 0 0 5 0 0 0 0 0 0 0 0 0 0 0 0 1 0 1 0 0 0 0 0 0 0 0 0 0 0 0 0 0 0 0 0 0 0 0 0 0
0 0 0 0 0 0 0 0 0 0 0 0 0 0 0 0 0 0 0 0 0 0 0 0 0 0 0 0 0 0 0 0 0 0 0 0 0 0 0 0 0 0 0 0 0 0 0 0 0 0 0 0 0 0 0 0 0 0 0 0 0 0 0 0 0 0 0 0 0 0 0 0 0 0 0 0 1 0 0 0 0 0 0 0 0 0 0 0 0 0 0 0 0 0 0 0 0 0 0 0 0 0 0 0 0 0 0 0 0 0 0 0
0 0 0 0 0 0 0 0 0 0 0 0 0 0 0 0 2 0 0 0 0 0 0 0 0 0 0 0 0 0 1 0 0 0 0 0 0 0 0 0 0 2 0 0 0 0 0 0 0 0 0 1 0 0 2 0 1 0 0 0 0 0 0 0 0 0 0 0 0 0 0 0 1 0 2 0 1 0 0 1 0 0 0 0 0 0 2 0 0 0 1 0 1 1 3 0 0 4 0 0 0 0 1 2 0 0 1 0 0 2 2 0
0 0 0 0 0 0 0 0 0 0 0 0 0 0 0 0 0 0 0 0 0 0 0 0 0 0 0 0 0 0 0 0 0 0 0 0 0 0 0 0 0 0 0 0 0 0 0 0 0 0 0 0 0 0 0 0 0 0 0 0 0 0 0 0 0 0 0 0 0 0 0 0 0 0 0 0 0 0 0 0 0 0 0 0 0 0 0 0 0 0 0 0 0 0 0 0 0 0 1 0 0 0 0 0 0 0 0 0 0 0 0 0
0 0 0 0 0 0 0 0 0 0 0 0 0 0 0 0 0 0 0 0 0 0 0 0 0 0 0 0 0 0 0 0 0 0 0 0 0 0 0 0 0 0 0 0 0 0 0 0 0 0 0 0 0 0 0 0 0 0 0 0 0 0 0 0 0 0 0 1 0 0 0 0 0 0 0 0 0 0 1 2 0 0 0 0 0 0 0 0 0 0 1 0 2 0 0 0 0 0 0 1 0 0 0 0 1 0 0 0 0 0 0 0
0 0 0 0 0 0 0 0 0 0 0 0 0 0 0 0 0 0 0 0 0 0 1 0 0 0 0 0 0 0 0 0 0 0 0 0 0 1 0 0 0 0 0 0 0 0 0 1 1 1 0 0 1 0 0 0 0 0 0 0 3 3 0 1 0 0 1 0 1 0 0 0 0 0 0 0 0 0 0 0 0 1 0 0 0 1 0 0 1 0 0 0 0 0 1 0 0 1 0 1 7 0 1 1 0 0 0 0 0 1 1 0
0 0 0 0 0 0 0 0 0 0 0 0 0 0 0 0 0 0 0 0 0 0 0 0 0 0 0 0 0 0 0 0 0 0 0 0 0 0 0 0 0 0 0 0 0 0 0 0 0 1 0 0 0 0 0 0 0 0 0 0 0 0 0 0 0 0 0 0 0 0 0 0 1 0 0 0 0 0 0 0 0 0 0 0 0 0 0 0 0 0 0 0 0 0 0 0 0 0 0 0 0 0 0 0 0 0 0 0 0 0 0 0
1 0 0 0 0 0 0 0 0 0 0 0 0 0 0 0 0 0 0 0 0 0 0 0 0 0 0 0 0 0 0 0 0 0 0 0 0 0 0 0 0 0 0 0 0 0 0 0 0 0 0 0 0 0 0 0 0 0 0 0 0 0 0 0 0 0 0 0 0 0 0 0 0 0 0 0 0 0 0 0 0 0 0 0 0 0 0 0 0 0 0 0 0 0 0 0 0 0 0 0 0 0 0 0 0 0 0 0 0 0 0 0
0 0 0 0 0 0 0 0 0 0 0 0 1 1 0 0 0 2 0 1 1 0 0 0 0 1 0 2 0 0 0 0 1 0 0 0 0 0 0 0 0 0 0 0 0 0 1 0 1 0 0 1 0 0 1 0 1 0 0 2 3 0 1 0 0 1 0 0 0 0 0 0 1 1 0 2 0 0 0 2 1 0 1 0 0 0 1 0 1 0 1 0 0 1 1 0 2 0 1 0 0 0 0 7 0 0 6 0 3 0 3 0
0 0 0 0 0 0 0 0 0 0 0 0 0 0 0 0 0 0 0 0 0 0 0 0 0 0 0 0 0 0 0 0 0 0 0 0 0 0 0 0 0 0 0 0 0 0 0 0 0 0 0 0 0 0 0 0 0 0 0 0 0 0 0 0 0 0 0 0 0 0 0 0 0 0 0 0 0 0 0 0 0 0 0 0 0 0 0 0 0 0 0 0 0 0 0 0 0 0 0 0 0 0 0 0 0 0 0 0 0 0 0 0
0 0 0 0 0 0 0 0 0 0 0 0 0 0 0 0 0 0 0 0 0 0 0 0 0 0 0 0 0 0 0 0 0 0 0 0 0 0 0 0 0 0 0 0 0 0 0 0 0 0 0 0 0 0 0 0 0 0 0 0 0 0 0 0 0 0 0 0 0 0 0 0 0 0 0 0 0 0 0 0 0 0 0 0 0 0 0 0 0 0 0 0 0 0 0 0 0 0 0 0 0 0 0 0 0 0 0 0 0 0 0 0
0 0 0 0 0 0 0 0 0 0 0 0 0 0 0 0 0 0 0 0 0 0 0 0 0 0 0 0 0 0 0 0 0 0 0 0 0 0 0 0 0 0 0 0 0 0 0 0 0 0 0 0 0 0 1 0 0 0 0 0 2 0 1 0 0 0 0 0 0 0 0 0 0 0 0 1 0 0 0 0 0 0 0 0 0 0 0 0 0 0 0 0 0 1 0 0 1 0 0 0 1 0 0 0 0 0 0 0 0 0 0 0
0 0 0 0 0 0 0 0 0 0 0 0 0 0 0 0 0 0 0 0 0 0 0 0 0 0 0 0 0 0 0 0 0 0 0 0 0 0 0 0 0 0 0 0 0 0 1 0 0 0 0 0 0 0 0 0 0 0 0 0 0 0 0 0 0 0 0 0 0 0 0 0 0 0 0 0 0 0 1 1 0 0 0 0 0 0 0 0 0 0 0 0 0 0 1 0 0 0 0 0 0 0 1 0 0 0 0 6 0 0 0 0
0 0 0 0 0 0 0 0 0 0 0 0 0 0 0 0 0 0 0 0 0 0 0 0 0 0 0 1 0 0 0 1 0 0 0 0 0 0 0 0 0 0 0 0 3 0 0 1 0 0 0 0 1 1 3 0 0 0 0 0 2 1 0 0 0 0 1 0 0 1 0 0 1 1 0 2 0 0 1 0 1 2 0 0 0 2 0 1 2 0 0 1 0 0 3 0 2 1 0 0 1 0 3 3 0 2 6 0 8 1 2 0
0 0 0 0 0 0 0 0 0 0 0 0 0 0 0 0 0 0 0 0 0 0 0 0 0 0 0 0 0 0 0 0 0 0 0 1 0 0 0 0 0 0 0 0 1 0 0 0 0 0 1 0 1 0 0 0 0 0 0 0 0 1 0 3 0 0 0 0 0 3 0 0 0 0 1 0 0 1 1 1 0 0 0 1 0 0 0 0 0 0 0 0 0 1 3 0 0 0 0 0 1 0 0 0 0 1 0 1 1 7 0 1
0 0 0 0 0 0 0 0 0 0 0 0 0 0 0 0 1 0 0 0 0 0 0 0 0 0 0 0 0 0 0 0 0 0 0 0 0 0 0 0 0 0 0 0 0 0 0 1 0 1 0 0 0 0 0 0 0 0 0 0 0 0 0 0 0 0 0 0 0 0 0 0 0 0 0 0 0 0 0 0 0 0 0 0 0 0 0 0 0 0 0 0 0 0 2 0 0 0 0 0 0 0 0 0 0 0 1 0 1 0 1 0
0 0 0 0 0 0 0 0 0 0 0 0 0 0 0 0 0 0 0 0 0 0 0 0 0 0 0 0 0 0 0 0 0 0 0 0 0 0 0 0 0 0 0 0 0 0 0 0 0 0 0 0 0 0 0 0 0 0 0 0 0 0 0 0 0 0 0 0 0 0 0 0 0 0 0 0 0 0 0 0 0 0 0 0 0 0 0 0 0 0 0 0 0 0 0 0 0 0 0 0 0 0 0 0 0 0 0 0 0 0 0 0
