0 68 20 3 20 4 48 8 0 0 0 0 17 0 2 9 7 7 3 8 0 0 0 0 0 0 0
12 0 30 0 13 2 30 9 1 0 0 0 19 1 1 3 0 0 3 0 1 3 0 0 0 0 0
0 2 0 3 6 3 16 16 1 1 0 0 32 10 2 0 3 2 4 1 2 0 1 0 0 1 2
0 0 0 0 5 0 10 1 0 0 0 0 0 0 0 0 0 0 4 0 0 1 0 0 0 0 0
0 0 0 0 0 3 11 5 0 0 0 0 21 1 0 2 2 4 0 3 1 2 0 0 1 0 1
0 1 0 0 0 0 12 6 1 2 0 0 12 6 5 2 8 4 1 3 1 5 2 0 2 0 0
4 0 0 0 3 1 0 13 0 0 0 0 89 0 0 3 3 3 6 3 0 1 0 0 0 0 0
0 0 0 0 0 4 8 0 0 0 0 0 9 3 0 0 3 1 4 0 0 1 0 0 0 0 0
0 1 1 0 0 0 4 5 0 0 2 0 2 9 6 2 2 0 5 3 2 0 5 2 1 0 0
1 0 1 0 2 0 0 2 0 0 1 0 6 1 6 2 1 3 0 1 0 3 4 0 2 0 2
0 0 0 0 0 0 2 0 2 1 0 0 1 2 1 0 0 0 2 1 0 1 0 5 0 0 1
0 0 0 0 0 0 0 1 0 0 0 0 0 0 0 0 0 0 0 0 0 0 0 0 0 0 0
1 0 0 0 5 5 10 1 0 0 0 0 0 9 1 7 4 3 0 0 0 4 0 0 0 1 0
0 0 0 0 1 1 1 3 0 0 0 1 9 0 1 2 3 3 0 2 2 3 3 0 0 0 2
0 0 0 0 1 3 0 2 6 2 0 0 1 1 0 1 3 1 2 3 7 3 0 0 2 1 3
6 3 0 0 0 0 0 0 0 0 0 0 8 0 0 0 3 3 0 7 0 0 0 0 0 0 1
3 0 0 0 0 0 0 0 0 0 0 0 0 0 0 0 0 5 1 4 0 2 0 0 1 0 1
3 0 0 0 0 0 0 0 0 0 0 0 0 0 0 0 0 0 1 0 0 1 0 0 5 7 3
0 0 0 0 0 0 0 0 0 0 0 0 0 0 0 0 0 3 0 0 0 0 0 0 0 0 0
0 0 0 0 0 0 0 0 0 0 0 0 0 0 0 0 0 4 0 0 0 0 0 0 1 0 2
0 0 0 0 0 0 0 0 0 0 0 0 0 0 0 7 2 2 0 5 0 5 0 0 1 1 1
0 0 0 0 0 0 0 0 0 0 0 0 0 0 0 3 1 4 0 3 0 0 0 1 1 0 4
0 0 0 0 0 0 0 0 0 0 0 0 0 0 0 0 0 1 0 0 0 0 0 0 0 0 0
0 0 0 0 0 0 0 0 0 0 0 0 0 0 0 0 0 0 0 0 0 0 0 0 0 0 1
0 0 0 0 0 0 0 0 0 0 0 0 0 0 0 0 0 1 0 1 0 1 0 0 0 2 0
0 0 0 0 0 0 0 0 0 0 0 0 0 0 0 0 0 3 0 0 0 0 0 0 1 0 0
0 0 0 0 0 0 0 0 0 0 0 0 0 0 0 0 0 0 0 0 0 0 0 0 0 0 0
