0 22 24 16 17 22 17 19 43 15 0 27 0 54 1 26 5 21 3 0 27 14 1 0 0 1 0 0 1
0 0 5 0 3 1 0 2 23 0 0 0 1 15 0 11 1 0 1 0 0 0 0 0 0 0 1 0 0
0 0 0 0 0 0 0 0 1 0 0 0 1 0 0 0 0 0 0 0 0 0 0 0 0 0 0 0 0
11 11 23 0 0 15 15 6 18 1 0 18 0 45 7 28 2 13 7 32 32 20 2 1 12 4 1 3 0
0 0 1 0 0 0 1 0 8 0 3 0 0 0 0 0 8 0 0 0 0 0 0 0 0 0 0 0 0
0 13 12 0 1 0 18 2 11 6 0 15 0 32 2 28 0 2 4 0 0 0 0 0 0 4 0 0 0
0 9 3 0 10 1 0 4 29 0 0 3 1 18 0 19 6 5 7 0 0 0 0 0 0 0 0 0 0
0 0 10 0 2 0 0 0 3 0 1 0 3 0 0 2 1 0 0 0 0 0 0 0 0 0 0 0 0
0 0 8 0 0 0 0 0 0 0 2 1 0 0 1 0 0 9 0 0 0 0 0 0 0 0 0 0 0
0 10 6 0 2 0 7 1 6 0 0 9 1 16 0 3 4 4 0 0 0 0 0 0 0 0 0 0 0
0 0 0 0 0 0 0 0 0 0 0 0 0 0 0 0 0 0 0 0 0 0 0 0 0 0 0 0 0
0 4 5 0 0 0 0 6 14 0 0 0 0 9 0 6 4 2 2 0 0 0 0 0 0 0 0 0 0
0 1 0 0 0 0 0 0 0 0 0 0 0 0 0 0 0 0 0 0 0 0 0 0 0 0 0 0 0
0 0 10 0 3 0 1 6 27 0 0 0 0 0 0 17 11 11 0 0 0 0 0 0 0 0 0 0 0
0 3 4 0 1 0 0 0 5 0 0 0 0 12 0 1 0 0 0 0 0 0 0 0 0 0 0 0 0
0 0 15 0 2 0 0 0 20 0 0 0 0 0 0 0 5 8 0 0 0 0 1 0 0 0 0 0 0
0 0 3 0 0 0 0 0 9 0 0 0 0 0 0 0 0 0 0 0 0 0 0 0 0 0 0 0 0
0 0 10 0 0 0 0 0 0 0 0 0 0 0 0 0 0 0 0 0 0 0 0 0 0 0 0 0 0
0 0 7 0 0 0 0 0 9 0 0 0 0 10 0 1 0 1 0 0 0 0 0 0 0 1 0 0 0
15 3 2 0 0 6 4 0 7 0 0 1 0 8 1 7 0 2 8 0 36 8 1 9 0 2 1 7 1
0 17 8 0 0 8 14 0 10 5 0 8 0 35 1 4 5 3 10 1 0 19 0 0 0 4 6 0 0
0 0 2 2 0 3 0 0 6 0 0 1 0 10 0 11 0 12 17 0 4 0 4 0 0 0 1 0 0
0 0 0 0 0 0 0 0 0 0 0 0 0 0 0 0 0 0 0 0 0 0 0 0 0 2 0 0 0
4 2 0 0 0 0 0 0 1 0 0 0 0 0 0 0 0 0 5 0 2 1 0 0 0 0 2 0 1
2 2 2 0 0 3 0 0 2 0 0 0 0 0 0 0 0 0 9 4 8 2 0 15 0 7 4 8 0
0 0 0 0 0 1 0 0 0 0 0 0 0 0 0 1 0 0 0 0 0 0 0 0 0 0 0 0 0
0 0 0 0 0 3 0 0 0 0 0 0 0 0 0 0 0 0 1 0 0 0 0 1 0 1 0 0 0
0 0 0 0 0 0 1 0 0 0 0 0 0 0 0 2 0 0 2 0 2 1 0 4 0 2 0 0 0
0 0 0 0 0 0 0 0 1 0 0 0 0 0 0 0 0 1 2 0 0 5 0 0 0 0 0 0 0
