0 2 8 2 4 2 2 2 2 5 2 2 0 2 6 4 1 10 4 4 2 3 1 2 1 4 3 2 2 4
0 0 9 9 15 5 1 20 0 8 11 0 11 4 5 2 5 2 2 2 1 0 5 0 4 2 4 10 5 0
2 0 0 3 7 6 2 3 1 2 0 2 1 7 0 6 1 10 10 1 8 4 3 5 7 2 0 0 4 0
14 0 1 0 4 1 1 1 2 2 0 4 0 2 0 7 2 4 17 1 2 5 3 6 7 4 2 0 3 3
0 0 0 1 0 2 1 8 1 1 1 7 35 19 8 3 0 3 0 0 1 3 3 2 4 2 1 2 5 5
1 0 0 0 0 0 1 0 0 0 2 1 0 0 1 0 2 2 1 2 0 0 0 3 2 1 1 1 4 0
0 0 0 0 0 0 0 0 4 1 0 3 0 3 1 4 0 0 4 2 0 0 0 5 1 2 0 3 0 1
0 2 1 0 6 0 0 0 1 0 0 2 2 1 1 1 0 2 2 5 1 0 2 0 3 1 0 3 1 0
1 0 1 1 0 0 1 0 0 3 1 2 4 0 4 2 2 0 8 1 0 14 0 5 4 1 0 3 2 15
0 0 0 2 0 0 0 0 1 0 0 2 2 0 0 2 1 0 0 4 8 0 0 1 0 3 1 2 0 0
0 0 0 1 1 0 0 0 0 0 0 1 0 5 0 2 0 1 1 1 1 0 4 0 0 1 1 1 2 1
0 0 0 1 0 0 1 0 0 0 0 0 0 5 2 6 0 2 2 6 1 0 0 6 0 2 5 0 4 1
0 1 1 2 3 6 2 11 1 1 6 0 0 0 6 0 1 2 1 0 1 0 5 2 2 0 3 3 3 0
0 10 0 0 0 2 0 0 0 0 2 2 1 0 8 1 3 2 0 0 2 1 0 0 2 6 1 2 0 2
0 0 0 0 0 1 0 2 0 0 0 0 0 0 0 1 0 0 0 0 2 0 6 0 2 2 1 0 0 2
0 0 1 1 0 2 0 0 1 0 0 1 1 0 0 0 1 0 1 3 3 1 0 6 7 7 2 1 1 4
1 1 0 0 0 2 0 1 0 0 1 0 1 1 0 0 0 1 0 0 2 0 1 2 1 2 1 0 0 0
0 1 2 0 1 0 2 0 0 0 0 2 0 0 0 0 1 0 2 1 1 2 0 2 4 0 2 4 4 5
0 0 0 1 0 0 0 1 1 0 0 0 1 0 0 1 0 0 0 4 11 0 1 0 3 0 2 0 0 9
0 0 0 1 0 1 1 0 1 3 1 0 0 0 0 1 0 1 0 0 4 2 0 1 3 0 0 0 0 0
1 0 0 1 1 0 0 1 1 0 0 0 0 0 0 0 1 2 1 0 0 1 1 2 3 1 0 0 2 0
0 0 0 0 0 0 0 0 0 0 0 3 0 0 0 0 0 0 0 0 1 0 0 1 1 0 0 0 0 0
0 0 0 0 0 0 0 1 0 0 0 0 0 0 0 2 0 0 0 0 0 0 0 2 0 1 0 0 1 1
0 0 2 0 0 0 0 0 1 0 1 1 0 0 0 0 0 0 1 1 0 1 0 0 1 0 0 1 3 1
1 1 0 1 0 0 0 1 0 0 0 0 0 1 1 0 2 1 17 2 0 0 0 6 0 7 2 1 0 11
1 0 0 1 1 0 2 0 1 1 1 1 0 0 0 1 0 1 0 0 1 0 0 1 0 0 2 0 0 1
0 0 0 0 0 0 0 0 0 0 1 0 0 1 1 3 0 0 1 0 0 0 0 0 0 0 0 0 0 0
0 0 0 0 0 0 0 0 0 0 0 0 0 0 0 0 0 0 0 0 0 0 0 0 2 0 0 0 0 1
0 0 0 0 0 0 0 0 0 0 0 0 0 0 0 0 0 0 0 0 0 0 0 2 2 2 0 0 0 0
0 0 0 0 0 0 0 0 0 0 0 0 0 0 0 0 0 0 0 0 0 0 1 0 0 2 0 0 0 0
