0 19 4 0 1 0 9 4 0 0 2 4 3 6 1 0 5 1 2 2 0 5 1 3 14 0 3 2 6 6 1 0 2 5 1 0 0 1 0 1 1
0 0 3 1 2 2 12 14 0 0 1 6 16 10 2 0 10 4 1 0 0 10 2 4 8 0 5 4 12 9 3 0 5 14 0 0 0 0 0 0 2
0 1 0 2 1 1 1 0 1 0 1 1 1 0 2 0 0 2 1 0 0 3 0 2 0 0 2 0 0 1 0 0 0 0 1 0 0 0 0 0 0
1 0 0 0 4 0 3 0 0 0 0 2 0 1 1 1 0 1 2 2 2 2 3 0 1 1 0 0 0 0 1 0 1 0 1 1 0 0 0 1 1
1 0 0 9 0 2 0 2 13 0 14 3 1 1 2 0 1 0 2 0 1 0 17 2 2 0 0 1 0 3 0 0 0 1 1 0 4 0 0 0 0
1 1 3 1 0 0 1 4 0 0 0 1 0 0 0 0 1 3 3 0 0 2 0 0 1 0 0 0 1 1 6 0 0 1 1 0 1 0 0 0 0
1 3 7 0 1 1 0 1 0 0 0 0 0 0 0 0 0 8 0 0 0 9 0 0 16 1 1 1 1 15 9 1 1 6 0 0 0 0 0 0 0
0 0 0 0 0 0 1 0 0 0 0 0 0 0 0 0 0 0 0 0 0 3 0 0 0 0 3 0 0 0 0 0 0 1 0 0 0 0 0 0 0
1 4 3 10 49 1 2 0 0 10 20 2 3 3 7 7 0 2 0 2 7 0 43 1 3 2 5 1 2 5 3 2 0 3 4 9 9 1 0 3 0
17 10 12 5 5 11 12 1 3 1 2 4 22 2 2 26 1 2 8 27 9 7 0 5 14 41 3 2 0 11 25 5 1 5 5 22 13 6 0 20 5
2 3 2 12 13 0 4 1 0 0 0 3 1 0 8 1 0 1 0 0 3 0 2 3 0 1 0 2 0 2 1 0 0 0 4 2 5 1 0 1 2
0 1 3 0 2 0 12 0 0 0 0 0 1 2 0 0 0 8 0 0 0 9 0 1 10 0 2 6 1 6 3 0 4 1 2 0 0 1 0 0 0
0 3 3 0 0 1 2 0 0 0 0 10 0 4 1 0 3 2 4 0 0 1 0 0 7 1 2 2 0 6 6 1 0 4 2 1 0 0 0 0 0
1 0 1 0 1 0 1 1 0 0 0 2 0 0 0 0 1 1 0 0 0 3 0 0 0 0 0 1 1 0 0 0 2 3 0 0 0 1 0 1 0
0 0 0 5 0 0 0 0 0 0 7 2 1 0 0 2 0 0 0 1 0 0 0 0 0 1 0 1 1 2 0 0 0 0 0 0 0 0 0 0 0
11 10 7 1 1 2 7 4 1 0 0 7 8 3 0 0 2 4 14 14 0 6 2 4 4 23 3 2 2 14 15 4 0 2 12 2 7 1 0 4 6
0 0 1 0 0 0 2 4 0 0 0 3 0 0 0 0 0 3 1 0 0 0 0 0 0 0 2 1 0 1 0 0 0 4 1 0 0 0 0 0 0
0 0 0 0 0 0 0 0 0 0 1 0 0 0 0 0 0 0 0 0 1 0 0 0 0 0 0 1 0 0 0 0 0 0 0 0 0 0 0 0 0
1 1 0 0 0 0 1 2 0 0 0 0 0 2 0 0 8 2 0 1 0 0 0 0 0 0 2 2 0 0 1 0 0 7 0 0 0 0 0 0 0
4 0 13 1 1 7 17 2 0 0 4 8 11 4 0 2 2 2 1 0 1 8 0 2 10 0 2 5 4 3 13 0 0 7 2 2 0 0 0 0 1
13 7 4 1 1 4 5 1 0 0 2 2 3 5 1 10 3 3 5 2 0 1 1 4 4 4 2 2 2 3 2 10 4 1 5 4 11 0 0 0 2
0 1 6 0 1 0 0 0 0 0 0 1 0 0 0 0 0 8 0 0 0 0 0 1 11 0 3 0 0 13 1 0 1 0 0 0 0 0 1 0 0
5 2 2 23 23 5 6 0 5 1 27 8 3 2 11 12 1 1 1 1 10 6 0 4 5 2 1 1 1 2 2 4 2 2 7 7 5 2 0 3 2
0 0 0 1 1 0 0 2 0 0 0 0 0 0 0 0 0 1 3 1 0 1 0 0 1 0 0 2 0 3 0 0 3 4 0 0 0 0 0 0 0
0 2 4 0 0 2 0 0 0 0 0 0 0 1 1 0 0 3 0 0 0 1 0 1 0 0 1 6 1 4 6 0 2 1 0 0 0 0 0 0 0
4 21 11 6 1 0 14 4 2 1 1 6 5 3 1 1 6 3 3 9 0 6 2 4 9 0 1 1 3 3 12 0 3 6 1 3 1 0 0 2 3
0 0 1 1 1 0 0 0 0 0 0 1 0 0 0 0 0 1 0 0 0 0 0 0 0 0 0 0 0 0 0 0 1 0 0 0 0 0 0 0 0
0 0 0 0 0 0 0 0 0 0 0 0 0 0 0 0 0 1 0 0 0 0 0 0 1 0 0 0 0 0 0 0 0 0 0 0 0 0 0 0 0
0 0 0 0 0 0 0 1 0 0 0 0 0 1 0 0 1 2 0 0 0 0 0 0 1 0 0 0 0 3 1 0 1 1 0 0 0 0 0 0 0
0 0 4 0 1 0 0 4 0 0 0 0 0 0 0 0 2 5 1 0 0 0 0 0 0 0 0 5 0 0 1 0 3 0 0 0 0 0 0 0 0
2 0 4 2 0 0 2 1 0 0 1 2 1 1 0 0 1 1 0 0 0 0 0 2 0 0 0 4 0 2 0 0 4 0 0 2 0 0 0 0 1
0 5 0 0 0 0 1 7 0 0 1 1 1 2 0 0 0 5 3 0 0 1 0 4 0 4 0 1 4 4 0 0 3 0 3 0 0 0 0 3 1
0 1 2 0 1 0 1 0 0 0 1 0 0 0 0 0 1 5 0 0 0 1 0 0 0 0 0 1 0 0 0 0 0 0 0 0 0 0 0 0 0
0 0 0 0 0 0 1 1 0 0 0 0 0 0 0 0 0 1 0 0 0 1 0 0 1 0 0 1 0 1 0 0 0 0 0 0 0 0 0 0 0
1 2 0 1 0 2 2 2 0 0 0 1 1 2 1 0 1 0 5 0 1 2 0 2 1 1 1 1 2 1 2 0 2 2 0 1 0 0 0 1 2
14 21 2 1 2 0 11 3 0 1 0 3 4 4 0 8 2 1 14 5 0 3 0 3 6 5 1 1 4 7 3 5 4 5 2 0 2 3 0 2 4
9 11 3 3 0 1 5 5 0 0 3 3 3 4 0 1 4 0 5 6 0 0 1 5 4 0 0 4 4 7 1 2 0 4 8 2 0 1 0 3 0
1 0 0 0 0 0 0 0 0 0 0 0 0 0 0 0 0 0 1 0 1 1 0 1 0 0 0 0 0 0 0 0 1 0 2 1 0 0 0 3 0
0 0 0 0 0 0 0 0 0 0 0 0 0 0 0 0 0 0 0 0 0 0 0 0 0 0 0 0 0 0 0 0 0 0 0 0 0 0 0 0 0
5 3 1 3 2 1 1 3 0 0 0 2 0 0 0 6 4 2 5 1 2 4 0 0 1 3 2 3 0 5 1 0 1 2 1 6 0 1 0 0 1
0 0 0 0 0 0 2 0 0 0 0 0 0 1 0 0 0 1 0 1 0 2 0 0 1 0 0 1 0 0 1 0 0 0 0 0 0 0 0 0 0
