0 6 1 7 2 2 3 4 3 3 2 2 7 4 1 1 0 1 1 0 3 9 3 5 2 0
0 0 2 3 2 1 3 3 1 0 4 5 2 2 1 0 0 3 2 2 1 2 0 3 0 3
0 0 0 5 0 4 2 5 2 3 4 5 3 1 2 5 1 7 3 7 1 7 3 4 5 6
0 0 0 0 3 7 6 8 0 3 7 10 1 7 2 8 1 6 3 7 1 7 3 6 3 0
0 0 0 0 0 9 3 7 4 2 4 4 0 0 1 7 0 4 3 0 0 5 4 5 0 3
0 0 0 0 0 0 7 1 18 6 7 4 15 8 0 12 0 10 4 5 1 15 7 5 0 12
0 0 0 0 0 0 0 5 2 3 2 4 3 7 2 7 0 3 1 11 0 7 6 1 2 6
0 0 0 0 0 3 1 0 0 3 10 9 10 3 1 12 1 3 2 7 2 10 2 10 2 15
0 0 0 4 0 0 0 0 0 4 10 4 8 10 0 6 1 3 3 9 1 13 2 13 4 7
0 0 0 0 0 0 0 0 0 0 3 1 10 2 0 1 2 1 3 5 0 4 3 2 1 2
0 0 0 0 0 0 0 0 0 0 0 7 4 6 0 1 0 2 3 5 0 2 5 6 0 2
0 0 0 0 0 0 0 0 0 0 0 0 7 8 6 2 1 0 3 5 0 0 3 7 7 11
0 0 0 0 0 0 0 0 0 0 0 1 0 5 4 5 0 8 3 7 0 2 6 1 1 5
0 0 0 0 0 0 0 0 0 0 0 1 0 0 1 7 0 7 0 8 0 12 8 3 1 11
0 0 0 0 0 0 0 0 0 2 0 0 0 0 0 2 0 0 1 3 0 3 1 0 0 3
0 0 0 0 0 0 0 0 0 0 2 3 0 0 0 0 0 7 2 12 0 5 7 5 2 8
0 0 0 0 0 0 0 0 0 0 1 1 0 0 0 0 0 0 0 0 0 1 0 0 0 1
0 0 0 0 0 0 0 0 0 1 0 5 0 0 0 0 0 0 1 1 1 2 2 2 3 4
0 0 0 0 0 0 0 0 0 0 0 0 0 3 0 0 0 0 0 0 0 4 0 2 0 1
0 0 0 0 0 0 0 0 0 0 0 0 1 0 0 0 0 0 0 0 3 2 2 5 3 16
0 0 0 0 0 1 0 0 0 0 1 0 0 0 0 0 1 0 0 0 0 0 1 0 1 0
0 0 0 0 0 0 0 0 0 0 0 12 0 1 0 0 0 0 0 0 0 0 2 14 3 9
0 0 0 0 0 0 0 0 0 0 0 0 0 0 1 0 1 0 0 0 0 0 0 1 1 7
0 0 0 0 0 0 0 0 0 0 0 0 0 0 0 0 0 0 0 1 0 0 0 0 2 7
0 0 0 0 0 0 0 0 0 0 0 0 0 0 0 0 0 0 0 0 0 0 0 0 0 0
0 0 0 0 0 0 0 0 0 0 0 0 0 0 0 0 0 0 1 0 0 0 0 0 1 0
