1 3
1 50
1 2
1 3
1 3
2 3
1 3
1 3
1 5
1 3
1 2
1 2
1 3
3 50
1 3
1 3
1 50
1 2
2 3
1 3
1 50
1 3
1 3
1 3
4 2
1 3
2 3
5 2
1 3
2 5
1 3
1 3
1 3
1 3
1 3
1 3
3 2
4 50
3 50
4 50
3 50
1 2
3 1
1 4
1 4
1 3
4 5
4 2
1 5
1 50
1 3
2 3
1 3
2 3
2 3
1 2
3 50
1 2
1 4
1 3
1 3
1 3
1 2
2 50
6 3
6 3
6 1
1 4
6 3
6 2
2 4
3 50
3 50
1 3
4 1
6 2
2 3
6 1
4 3
1 50
6 1
6 3
6 3
2 1
1 50
6 3
1 3
2 3
1 3
1 50
1 3
6 50
6 1
6 2
3 50
3 50
3 50
1 50
1 50
6 2
6 2
3 50
6 3
6 2
3 4
6 3
6 2
6 1
6 1
6 1
1 50
6 50
6 1
4 50
6 3
2 1
6 1
6 50
4 50
2 3
1 50
1 50
6 2
4 50
1 3
6 50
1 50
6 3
6 3
3 50
1 50
1 3
4 3
1 50
6 50
6 50
6 3
6 4
6 50
4 3
3 50
2 3
3 4
6 1
6 1
6 2
3 50
4 3
1 3
4 50
1 50
1 3
6 3
4 3
3 50
4 3
4 3
6 50
4 50
6 3
6 3
6 50
4 50
6 3
6 50
6 3
6 50
6 3
6 50
3 50
6 50
6 50
6 3
4 3
4 50
6 3
6 50
3 50
3 50
4 50
6 1
6 1
3 50
3 50
3 50
1 50
3 50
1 3
3 50
3 50
6 1
4 50
6 50
3 50
6 3
6 50
3 50
4 50
6 4
6 50
4 50
3 50
4 3
4 3
6 3
3 50
6 3
4 50
6 3
6 3
6 3
4 3
4 3
4 3
6 3
3 50
4 3
6 3
6 3
4 3
6 3
6 3
6 4
6 3
6 4
6 3
6 3
6 4
6 3
6 4
3 4
3 4
3 4
6 3
6 3
4 3
4 3
3 4
6 4
6 3
6 3
3 4
3 4
6 3
3 4
3 4
6 3
3 4
6 4
6 4
6 3
6 3
6 3
6 3
6 4
6 3
3 4
6 4
6 3
3 4
6 3
3 4
3 4
6 4
6 3
6 4
3 4
6 4
3 4
6 4
3 4
6 4
3 4
6 3
6 3
6 4
3 4
6 3
6 3
6 3
6 4
3 4
6 3
6 3
6 4
6 4
3 4
3 4
6 4
6 4
6 4
6 4
6 3
6 4
4 3
6 3
6 3
6 4
6 3
6 3
6 3
6 4
6 3
6 4
6 4
6 4
6 4
6 3
4 3
4 3
6 3
6 4
6 4
6 3
6 4
6 3
6 4
6 4
6 4
6 4
7 3
4 7
6 4
6 4
6 3
6 4
3 6
6 3
4 3
4 3
6 4
6 7
6 4
6 3
6 7
6 4
6 7
4 3
6 7
6 7
4 7
6 7
7 3
6 3
6 4
6 3
6 7
6 4
6 7
6 7
6 4
4 3
6 7
6 4
4 3
4 3
6 3
6 3
6 4
4 3
6 4
6 4
6 4
4 7
6 4
6 7
6 4
6 4
6 4
6 4
6 4
6 4
6 4
6 4
6 4
6 4
6 4
6 4
6 4
6 4
6 4
6 4
6 4
6 4
6 4
6 4
6 4
6 4
6 4
6 4
6 4
6 4
6 4
6 4
6 4
6 4
6 4
6 4
6 4
6 4
6 4
6 4
6 4
6 4
6 4
4 3
6 3
6 4
6 3
6 3
4 3
6 3
6 3
6 4
6 3
6 3
6 3
6 4
6 4
6 4
6 4
6 4
6 4
6 4
8 6
8 6
9 6
8 6
8 6
8 6
8 6
6 4
8 6
6 4
8 6
6 4
6 4
8 6
8 6
8 6
6 4
8 6
8 6
8 6
8 6
8 6
8 6
8 6
8 6
8 6
6 11
4 12
8 12
6 11
8 4
4 6
4 11
8 6
4 12
8 6
8 11
8 6
4 11
4 6
8 11
8 4
8 6
8 12
10 8
10 11
10 6
10 6
11 6
10 6
10 6
12 6
10 8
10 4
11 6
10 6
11 6
10 6
10 8
10 4
12 6
8 6
11 6
10 6
11 6
11 12
10 4
4 6
10 6
11 6
10 6
11 6
10 6
10 4
8 4
8 6
10 8
10 6
10 6
11 6
11 6
11 6
10 6
10 6
10 8
10 11
10 4
10 6
12 6
11 8
10 6
10 4
10 6
12 8
10 4
10 4
10 11
10 4
12 8
12 8
12 6
10 4
10 6
10 8
10 4
6 51
10 12
10 4
10 11
10 6
10 8
10 11
10 4
10 8
10 12
10 4
10 6
10 6
10 4
10 11
10 8
10 12
10 4
8 6
11 6
11 51
10 12
10 4
10 12
10 6
10 12
4 6
10 4
10 11
10 13
10 12
12 6
10 4
4 11
13 4
10 4
10 6
10 4
10 11
10 13
6 51
10 12
10 6
10 11
10 4
12 6
12 14
12 6
12 6
10 13
13 11
10 13
13 4
13 11
14 51
13 4
10 12
13 6
10 6
10 4
10 6
13 11
13 12
13 14
10 6
10 4
13 4
10 51
13 51
14 13
13 51
13 6
13 11
13 11
13 6
13 11
12 6
13 11
11 4
10 6
10 12
12 6
10 11
10 4
12 6
12 51
12 6
12 51
12 51
10 12
11 6
13 11
13 51
10 11
10 4
10 14
10 4
10 4
10 11
13 14
10 4
13 6
10 6
10 51
14 51
13 15
10 13
10 12
10 13
10 11
10 4
10 6
10 13
10 4
11 6
11 6
13 11
13 6
12 15
4 15
10 6
12 6
13 11
10 12
10 11
11 15
10 11
13 15
11 6
13 6
10 4
11 6
11 4
13 15
13 6
4 14
10 13
14 6
14 6
13 14
14 15
10 15
12 15
13 11
13 6
4 6
10 13
10 4
12 15
10 4
10 6
4 6
10 12
12 6
10 6
13 6
10 12
14 6
10 15
13 6
12 6
10 12
10 6
13 6
13 12
10 4
10 14
10 6
13 6
4 6
14 6
13 6
13 11
10 6
13 11
15 6
14 6
13 6
13 15
13 6
10 15
10 12
14 6
10 4
10 6
10 15
13 14
13 6
13 15
13 15
10 6
12 15
12 6
10 14
13 12
10 14
10 13
10 12
13 15
10 15
12 4
15 6
13 15
14 6
15 6
4 6
13 12
13 4
10 6
10 14
10 15
10 6
12 4
10 4
10 13
10 13
10 6
13 4
10 12
13 15
13 4
13 4
13 6
12 15
14 6
10 6
13 6
10 14
13 6
13 6
12 14
10 6
13 15
14 15
10 4
10 4
13 15
14 15
15 6
4 12
12 6
13 15
13 6
13 15
14 6
13 6
14 6
13 6
16 6
13 6
13 15
13 15
14 6
6 15
13 6
13 15
13 15
13 6
4 6
10 15
10 15
13 4
15 6
13 4
10 14
10 13
10 4
15 6
4 6
13 4
13 6
4 6
15 4
10 13
13 14
12 4
10 4
12 14
10 13
12 14
13 15
15 4
12 4
13 6
14 6
15 6
12 14
13 14
13 14
13 12
12 4
15 6
12 15
12 15
4 6
15 6
12 6
15 6
12 15
15 6
15 6
10 12
13 6
13 15
12 15
15 6
10 12
15 6
15 12
13 6
10 13
10 6
10 14
10 6
10 4
10 6
10 13
10 4
13 6
14 4
10 13
10 15
10 15
15 6
15 6
10 4
13 15
15 6
13 14
13 6
10 13
10 6
10 15
13 6
13 6
10 14
13 4
10 14
13 6
10 4
13 14
15 4
15 4
13 15
15 6
10 6
13 15
15 6
15 4
13 6
14 6
14 6
4 6
4 15
14 6
13 6
13 6
14 13
13 6
4 15
10 6
10 6
15 6
12 15
15 6
10 6
10 6
15 6
14 15
15 6
17 6
15 6
10 4
15 6
15 6
14 15
14 15
17 15
10 4
18 6
15 6
15 6
14 15
17 6
14 4
10 6
15 6
14 6
14 6
14 6
14 4
10 17
17 15
17 14
17 6
17 4
15 4
10 15
15 6
10 14
10 6
10 17
10 17
10 6
18 14
14 6
14 6
10 15
10 17
17 15
14 4
17 15
10 18
10 14
10 14
10 14
14 15
17 4
10 15
18 15
18 6
15 6
10 4
10 4
10 14
15 6
10 6
10 14
10 14
14 6
14 6
17 15
14 4
14 4
12 4
18 6
17 15
17 18
10 18
10 6
17 6
12 6
10 6
12 15
12 6
10 4
10 14
10 12
14 15
14 4
14 6
15 4
4 6
15 17
10 18
17 18
14 6
14 15
12 4
10 4
10 12
10 15
10 15
10 4
12 6
14 4
10 6
18 6
18 6
14 6
14 4
6 17
10 4
18 12
10 12
14 4
15 4
12 15
12 6
10 12
10 12
14 4
18 14
4 18
18 4
14 15
10 6
4 6
10 19
19 14
19 6
19 15
19 4
10 14
17 15
10 4
10 19
18 6
17 6
10 6
17 18
18 6
14 12
18 4
17 12
4 15
15 4
10 15
10 14
13 15
15 6
19 4
14 6
19 4
10 4
15 6
10 6
19 18
10 12
14 4
12 15
6 4
10 14
10 15
10 12
18 6
15 6
15 6
10 6
14 12
15 6
10 14
10 15
17 4
17 14
10 12
10 15
10 6
18 6
10 12
19 17
18 15
18 14
14 12
14 6
14 12
18 14
14 12
14 6
14 6
14 6
14 6
14 4
17 6
14 4
14 4
14 6
14 12
10 4
18 15
18 19
18 12
18 14
14 12
18 15
10 15
10 6
18 19
14 12
14 4
10 15
10 14
14 4
17 10
17 14
17 6
14 6
10 18
19 6
14 12
10 12
14 17
14 4
10 18
10 12
18 4
17 15
14 6
14 4
14 4
14 6
18 15
12 15
14 6
12 4
17 6
17 6
19 12
19 14
10 15
17 14
14 6
10 6
19 6
10 4
10 4
10 12
10 4
17 12
20 6
20 4
12 6
18 12
19 20
12 6
20 12
14 12
14 15
14 15
17 6
10 18
18 14
14 12
18 12
18 15
12 15
14 6
20 15
20 4
20 15
20 10
20 14
20 10
20 19
20 10
18 15
20 19
17 18
14 15
18 14
18 15
18 12
20 4
20 19
18 12
20 19
18 12
17 18
19 18
10 4
20 4
12 15
10 12
12 20
20 4
19 12
18 15
14 19
19 15
20 14
19 15
19 4
14 15
20 4
10 14
10 14
20 4
10 18
10 14
18 15
20 10
20 4
20 4
20 4
19 4
13 15
10 19
13 15
20 14
20 13
20 17
20 13
20 14
10 15
17 13
13 4
10 15
20 4
20 15
14 15
13 15
14 15
15 4
17 13
20 19
10 14
20 18
20 14
20 14
20 14
20 14
20 18
20 4
20 4
20 15
20 19
20 4
20 10
20 4
20 13
10 15
20 4
10 15
20 15
19 15
20 4
10 4
19 20
20 14
18 15
10 4
17 10
10 18
19 10
19 20
20 10
19 15
10 14
17 14
19 20
19 20
20 10
10 20
20 10
20 10
20 15
20 18
20 14
20 14
20 14
20 14
18 17
14 15
20 15
19 18
19 15
14 15
20 19
20 14
14 15
20 15
20 10
20 4
20 14
14 15
14 15
19 20
20 4
20 15
18 14
15 10
20 15
18 14
17 15
14 4
10 4
20 14
20 4
14 4
14 4
20 15
20 19
20 14
20 14
18 4
20 14
20 19
19 14
19 4
20 15
20 15
19 14
17 14
20 15
20 18
20 15
19 15
20 15
20 15
19 14
20 10
20 15
18 14
20 15
20 19
20 15
19 15
20 19
18 15
10 15
18 14
18 15
10 15
20 10
20 15
20 14
20 14
20 15
20 15
20 18
17 18
17 18
20 18
18 15
17 18
17 18
17 18
17 14
20 14
20 18
20 18
20 14
20 18
20 18
20 18
20 14
17 14
17 20
20 18
20 17
20 14
20 14
20 18
20 17
20 17
20 18
20 17
20 14
20 14
20 17
20 14
20 18
20 18
20 17
20 14
20 14
20 14
20 10
20 10
20 17
17 14
20 14
20 17
20 17
20 17
20 14
20 10
17 14
20 14
20 10
20 14
20 10
20 14
20 10
14 10
17 14
10 17
20 17
20 17
20 17
20 10
20 17
20 14
20 21
20 21
21 10
20 14
20 14
20 14
20 14
20 17
20 17
20 17
20 14
20 22
17 14
21 10
21 22
21 14
20 22
14 22
21 14
21 22
20 17
20 21
20 21
21 17
14 22
20 17
20 10
20 14
20 14
20 21
17 10
20 17
21 14
21 14
17 14
10 22
20 10
20 22
20 21
20 17
20 14
17 21
17 14
17 14
20 10
20 17
20 22
20 22
20 10
20 14
20 10
20 10
20 21
17 14
17 14
20 10
20 14
20 17
20 22
20 22
14 22
20 14
20 22
20 10
20 21
20 14
20 14
20 22
20 17
20 17
20 14
20 22
20 17
20 14
20 17
20 17
17 14
17 10
20 17
20 17
17 10
20 17
20 14
20 10
20 10
22 10
20 17
20 10
20 17
17 22
20 22
22 10
22 10
20 17
20 17
20 22
23 22
23 22
20 22
20 17
23 20
23 17
20 22
20 10
23 17
23 20
10 22
20 22
20 22
10 20
10 20
23 10
17 22
23 20
23 22
10 20
23 10
23 20
20 22
10 20
23 22
23 10
10 20
17 22
20 22
23 22
23 20
10 20
17 22
17 10
17 20
23 10
17 20
23 20
23 20
17 22
17 10
17 20
23 20
17 20
17 10
17 22
23 20
23 22
23 10
23 20
20 22
17 20
17 20
17 22
23 20
23 10
23 20
23 20
23 20
17 20
23 22
23 20
17 20
17 22
17 22
23 10
17 20
23 10
23 10
20 22
10 20
17 22
23 22
23 22
23 10
23 20
23 22
23 20
23 10
23 22
23 20
10 23
23 22
17 23
20 17
20 22
20 24
20 24
20 24
17 10
20 24
23 22
17 24
23 22
10 24
23 10
20 24
23 20
23 20
20 22
20 24
10 24
20 22
20 24
10 24
10 24
17 10
23 22
23 10
10 24
23 20
23 22
10 24
23 22
23 20
23 20
20 24
23 22
23 22
10 24
10 24
20 22
20 22
17 22
17 20
20 22
20 24
17 23
23 22
23 22
10 20
23 17
17 24
23 17
23 24
10 22
17 20
17 20
17 24
10 20
10 22
20 22
17 22
17 22
17 24
24 22
17 23
20 24
17 10
23 17
23 20
23 24
10 22
10 22
25 20
25 22
25 20
25 24
25 24
25 20
25 20
23 22
17 10
25 24
23 20
23 22
25 22
25 20
10 20
17 20
10 20
24 22
17 10
17 20
26 22
10 20
26 22
26 13
26 20
26 22
26 13
10 24
22 24
10 24
23 20
23 24
23 13
17 20
17 20
25 22
10 23
23 10
20 22
17 10
23 20
23 10
23 22
17 13
10 20
23 10
23 17
17 22
23 20
17 22
17 10
25 10
23 10
22 13
17 20
10 24
17 10
25 10
17 10
17 24
17 20
17 22
17 22
17 10
23 24
23 24
25 24
25 20
25 20
10 17
10 17
10 17
22 17
23 24
17 24
10 17
10 25
23 22
17 22
25 10
10 17
23 10
25 10
10 17
10 17
10 20
17 22
25 17
10 17
10 17
10 24
25 17
23 20
23 20
23 20
23 24
23 20
25 22
10 22
25 20
25 20
10 17
25 22
23 20
23 20
25 17
25 20
10 22
17 22
23 20
23 20
25 20
17 22
23 22
25 10
25 23
24 10
17 24
10 22
25 20
23 10
10 17
25 10
23 24
10 24
23 17
23 22
25 23
23 22
10 17
10 22
25 17
25 24
23 10
25 20
25 22
23 20
20 23
23 20
10 17
25 17
23 20
23 20
23 20
23 22
23 10
25 20
23 10
25 22
23 22
10 20
23 20
23 10
23 10
10 20
27 24
10 20
23 10
23 22
10 20
23 22
23 10
20 22
23 25
25 22
25 20
25 27
23 22
23 17
17 10
25 10
25 10
10 20
23 10
25 10
25 23
23 20
25 22
23 20
25 20
25 23
25 20
25 20
23 27
10 20
17 10
17 27
22 20
10 20
23 22
23 20
23 20
23 22
17 10
23 20
25 17
23 25
23 27
23 27
25 17
23 10
22 27
23 10
20 22
25 22
23 10
23 22
25 23
25 10
10 24
10 22
23 22
23 22
25 20
17 10
22 27
23 10
23 17
20 22
23 22
23 22
20 22
17 10
23 17
23 20
23 22
23 10
23 22
25 22
23 22
20 10
25 17
25 27
25 22
25 20
17 23
25 23
23 20
23 20
25 23
25 27
23 17
17 10
25 20
25 10
25 20
25 27
23 17
25 10
25 17
10 17
23 27
23 20
25 10
20 22
25 20
25 22
25 20
25 17
25 24
17 10
17 10
25 17
23 17
23 10
23 22
17 10
25 24
17 24
25 27
17 10
23 10
23 22
23 24
10 22
23 24
10 24
25 24
10 22
25 24
25 24
25 24
25 24
25 24
25 10
25 23
25 24
10 20
25 20
25 17
17 20
23 20
10 17
25 24
25 10
23 24
23 24
23 22
23 22
25 22
23 22
23 24
23 10
23 10
23 20
10 20
27 20
25 22
25 20
25 20
25 10
23 17
25 24
25 24
25 22
24 22
23 24
25 22
25 22
25 20
23 22
23 27
25 22
23 20
25 22
25 24
23 22
17 20
25 20
25 17
25 17
25 20
25 20
25 17
23 20
23 20
25 17
17 20
25 17
25 22
25 22
25 17
23 17
23 17
23 17
25 22
25 20
25 22
25 22
25 22
25 20
25 17
23 24
25 22
25 17
25 22
25 22
25 22
25 17
25 22
25 17
23 24
23 24
23 24
25 20
22 24
22 24
22 24
25 17
25 20
25 17
25 22
23 20
25 24
25 17
25 22
17 22
23 20
23 22
23 22
25 22
25 22
25 17
23 20
25 11
23 20
25 24
25 17
23 20
25 23
23 24
25 17
23 11
23 20
20 11
17 20
25 24
23 24
25 24
25 24
25 20
25 17
23 22
25 24
23 20
25 22
25 22
25 23
17 22
25 22
17 22
17 24
25 24
25 20
23 20
23 22
25 22
17 24
24 20
25 20
25 20
25 20
25 20
23 22
25 20
25 22
25 20
25 24
25 22
23 20
23 20
23 22
24 20
25 20
23 20
25 20
25 24
25 20
23 20
25 23
25 24
23 24
25 17
25 17
25 24
25 17
25 24
25 24
25 24
25 23
23 17
25 17
23 22
23 24
24 17
24 17
23 17
23 17
25 22
25 23
25 23
23 17
23 24
23 22
25 22
25 22
25 22
25 17
25 17
25 23
25 17
25 22
25 22
25 17
25 22
25 17
23 22
23 24
23 17
25 17
25 17
25 17
23 22
25 17
23 22
25 17
25 22
23 17
17 22
17 24
23 17
25 24
23 17
23 17
25 22
25 22
17 24
23 24
23 22
25 23
25 22
25 24
17 22
17 22
25 24
25 22
17 22
17 22
25 23
25 23
25 23
23 22
25 23
25 24
25 22
25 17
25 17
22 24
22 24
25 17
23 24
25 22
25 22
25 17
25 17
23 24
23 24
25 23
25 22
25 22
25 23
23 22
23 24
23 22
23 24
25 24
25 22
25 23
25 23
25 24
25 22
25 23
23 22
23 24
25 22
25 24
25 24
25 23
25 23
23 22
23 22
25 24
25 23
25 22
25 23
23 24
23 24
25 23
23 22
23 24
25 24
25 22
28 22
25 24
25 23
25 28
25 22
23 29
23 24
25 29
23 22
25 22
28 22
25 24
29 24
29 24
25 28
25 22
25 24
25 22
25 24
28 22
25 22
14 23
23 24
23 29
28 22
28 22
23 22
22 24
23 24
25 28
22 24
28 17
25 29
25 28
23 22
28 22
20 24
20 24
25 20
28 13
30 13
30 13
28 13
23 13
28 22
22 13
28 22
28 22
28 13
29 24
28 24
22 24
28 23
28 22
22 24
28 23
25 31
28 22
28 23
25 13
30 23
25 13
25 29
25 24
30 22
25 29
30 24
28 22
25 31
30 22
25 23
23 13
29 13
25 29
25 29
30 31
30 13
30 13
30 52
28 31
23 32
30 22
30 22
30 13
30 22
30 13
30 13
30 13
30 13
28 13
28 13
30 13
31 24
30 52
30 22
32 31
30 22
29 22
23 24
30 31
23 52
30 52
30 52
30 52
30 52
28 52
28 52
28 52
25 33
30 22
30 22
33 22
29 13
30 13
30 22
30 22
30 13
28 13
30 22
28 52
30 52
30 52
29 52
30 22
30 22
25 33
30 13
30 22
28 13
28 52
30 52
25 32
33 31
28 29
30 23
23 29
23 29
25 30
25 13
25 29
29 13
32 24
30 52
25 33
25 33
30 32
23 31
30 31
34 24
34 22
34 29
34 23
34 24
34 22
28 29
34 22
25 24
25 24
34 22
25 22
30 31
25 24
25 24
30 23
30 22
30 23
30 23
30 31
28 23
30 31
28 29
28 22
29 24
22 24
30 24
30 29
22 24
34 24
23 29
28 29
28 23
29 52
30 34
23 24
28 22
30 52
28 31
29 35
35 22
34 22
30 23
28 22
28 22
28 24
28 22
28 22
28 30
30 29
28 31
30 29
24 22
28 31
28 29
23 22
23 24
28 31
30 23
35 22
35 22
35 29
35 29
35 30
30 22
30 29
30 34
29 24
30 34
30 22
30 24
35 22
35 24
35 22
35 24
35 29
35 22
30 34
30 34
30 29
35 24
35 29
35 29
30 24
35 24
23 22
35 23
23 22
30 24
30 22
35 23
35 22
23 24
35 24
35 29
23 28
23 24
28 23
30 31
28 23
30 23
30 29
28 29
28 23
28 23
23 24
30 29
30 31
30 31
30 22
30 24
31 22
30 31
30 23
30 23
30 35
30 23
30 23
30 35
23 29
29 31
30 23
30 31
30 23
30 31
30 24
30 23
30 22
23 22
23 24
23 24
30 23
35 23
30 35
30 35
29 31
30 35
30 35
30 31
30 35
30 22
30 22
30 31
30 24
35 22
30 22
30 22
35 31
30 23
35 23
35 29
35 24
22 29
30 35
35 29
35 22
23 22
30 22
30 29
30 29
35 31
35 29
30 22
30 24
23 24
23 22
22 29
30 23
23 22
35 24
30 35
35 29
30 31
30 22
23 24
30 36
30 36
23 36
31 36
35 22
23 36
36 22
30 23
23 22
30 29
30 31
30 36
30 24
23 36
23 36
30 35
35 31
35 24
35 36
29 31
35 23
35 36
30 22
30 24
31 24
30 36
30 29
30 29
30 22
30 31
30 31
31 22
31 22
30 31
30 22
30 31
30 22
30 31
35 23
30 31
30 35
30 22
36 29
36 29
36 29
35 31
30 23
30 29
23 36
35 22
23 22
30 23
30 35
30 29
30 36
35 29
30 31
30 36
23 29
22 29
23 31
30 31
23 31
22 29
30 22
30 22
30 23
30 31
30 29
35 22
30 35
30 22
30 22
35 29
31 29
30 29
30 22
30 23
30 35
30 31
30 35
35 29
35 29
23 22
31 29
30 35
30 23
35 29
30 29
30 23
30 22
30 35
35 36
30 31
30 23
30 22
30 29
30 31
30 23
23 30
23 29
30 22
35 22
30 23
30 31
30 35
35 29
35 29
35 23
30 35
30 35
30 23
30 23
30 31
30 22
23 29
23 31
30 35
35 29
35 31
35 31
30 36
31 22
30 29
30 29
35 36
37 22
30 22
35 31
30 31
30 22
30 31
31 22
30 29
30 22
30 31
30 22
30 22
30 31
35 29
23 29
30 29
37 31
37 31
37 23
37 35
23 29
23 31
37 35
37 22
37 23
23 22
23 22
37 23
37 22
30 31
30 29
23 22
30 29
30 36
37 23
34 31
34 23
37 31
37 35
37 31
37 35
34 23
34 23
34 23
35 29
37 31
23 34
34 23
23 29
37 22
37 31
30 35
30 35
34 35
30 35
23 34
35 23
30 36
23 22
30 22
30 34
23 22
35 31
35 36
37 22
30 35
30 22
30 29
30 35
34 29
35 31
35 22
30 29
30 23
30 29
37 22
37 22
37 23
37 22
37 22
37 29
37 23
37 36
35 22
37 31
30 35
37 23
30 36
36 29
30 36
37 23
37 23
30 22
30 22
34 29
23 31
37 31
37 29
30 22
37 22
37 31
34 31
37 36
34 29
37 23
34 35
37 35
37 34
30 23
23 31
37 31
37 31
38 22
38 29
37 29
38 23
38 29
38 23
31 23
30 22
37 23
37 22
23 29
31 22
37 38
37 22
37 23
23 22
30 35
30 35
37 23
30 34
30 22
30 22
37 38
37 29
36 29
38 31
30 38
30 38
30 29
23 31
23 31
37 35
37 22
39 35
38 23
39 35
34 31
39 31
39 34
34 31
37 29
34 29
38 35
31 29
37 29
37 31
37 29
37 22
38 31
37 31
38 29
38 29
30 22
34 29
31 29
30 29
30 23
30 29
38 35
38 35
37 31
35 29
23 29
34 29
40 22
30 40
40 35
30 40
30 29
30 34
34 29
38 35
37 22
30 22
37 35
37 34
37 35
37 40
37 35
37 22
39 40
30 23
37 23
37 30
37 22
39 34
35 22
39 35
37 35
37 29
35 29
37 22
37 35
23 29
37 31
37 35
39 30
30 41
39 29
30 40
37 31
37 31
35 31
37 22
37 22
39 29
35 40
30 41
35 40
37 31
37 31
23 29
39 22
35 31
38 22
35 29
41 29
40 31
37 31
34 41
39 41
39 30
39 29
37 38
37 31
37 22
23 31
37 38
37 35
37 31
37 30
39 23
30 31
34 29
30 29
30 31
34 29
30 35
30 34
30 29
37 31
37 34
39 34
39 30
30 29
39 30
30 29
37 40
37 31
39 41
39 41
37 22
37 39
37 23
37 22
37 29
39 30
37 35
39 30
30 29
38 22
38 29
37 38
39 23
37 31
30 22
38 22
30 22
40 31
30 22
37 22
38 41
30 22
38 23
37 22
37 29
23 22
37 31
37 31
37 31
35 29
38 29
37 31
37 35
35 29
37 29
23 29
37 35
39 23
39 23
30 35
23 22
30 31
37 31
37 29
30 29
30 40
39 30
39 29
37 22
37 35
31 29
35 31
30 22
39 41
37 22
30 40
23 22
38 29
38 22
37 29
39 30
31 29
38 23
30 34
39 22
37 35
37 35
39 34
39 37
39 35
39 37
30 40
30 40
39 34
30 35
30 31
30 40
39 40
39 37
39 31
30 35
38 34
37 30
37 35
38 31
38 31
39 41
30 23
30 38
30 23
30 23
39 23
41 29
41 23
37 38
39 30
39 23
38 29
39 35
39 29
39 38
39 38
35 31
37 35
38 23
41 31
41 31
38 23
30 40
35 31
37 23
35 31
39 38
39 29
35 29
35 29
39 41
39 23
39 35
39 41
39 29
35 31
39 41
39 41
39 30
39 31
38 23
30 41
30 41
37 29
30 38
37 30
30 38
37 35
37 40
30 23
37 29
35 23
39 35
39 30
39 38
39 37
39 37
41 29
41 40
30 29
30 29
39 30
39 29
41 23
37 29
30 38
30 23
30 40
30 40
30 35
30 38
30 38
37 35
39 40
39 38
39 38
35 31
39 23
39 35
39 35
39 35
39 40
39 38
39 38
39 35
39 40
39 35
39 38
39 30
30 40
30 38
37 35
30 38
39 30
30 40
30 40
39 23
39 30
39 30
37 23
37 41
30 41
39 30
39 41
39 40
39 30
39 23
39 23
35 41
30 23
35 40
35 37
30 23
35 29
35 41
38 29
38 29
38 29
38 35
39 38
39 30
30 40
39 31
37 23
39 30
39 29
40 29
40 29
38 29
38 29
30 31
39 40
39 31
39 35
30 41
39 30
39 41
37 31
38 41
35 23
39 29
38 41
39 35
37 30
30 31
35 31
30 23
39 35
37 35
39 30
30 35
39 37
39 29
39 29
39 29
41 35
39 23
39 38
38 31
35 23
30 41
37 35
30 29
42 29
30 29
30 29
39 42
39 42
39 42
35 23
39 38
39 38
39 37
39 38
39 35
39 38
35 42
35 42
39 41
39 37
39 38
39 38
42 31
42 41
30 35
30 41
30 38
38 41
30 41
41 31
41 23
30 29
30 29
43 29
41 31
39 30
35 23
41 23
41 31
30 31
43 35
37 38
39 38
37 38
37 31
43 35
39 30
39 30
43 35
43 31
30 35
41 29
43 31
30 35
23 29
41 38
30 35
43 23
41 31
35 31
30 35
41 31
37 31
37 23
39 30
39 38
39 23
37 23
43 23
35 31
43 23
39 38
39 41
41 37
39 23
30 35
30 23
39 35
39 35
39 35
38 23
39 30
39 23
37 31
43 23
43 23
39 29
38 43
23 43
39 29
37 31
31 23
41 23
38 35
38 23
38 23
37 35
38 35
39 35
39 35
37 23
41 23
39 43
38 29
41 29
39 41
30 29
39 23
39 30
39 41
38 23
39 43
38 31
39 31
37 31
41 23
37 29
37 29
38 35
41 29
30 31
39 43
39 38
39 23
39 41
39 23
38 41
39 43
39 30
39 29
35 29
30 41
37 35
39 23
30 29
37 35
39 30
39 31
39 31
39 41
30 31
39 43
30 31
30 35
35 30
39 30
29 23
30 23
30 35
39 30
30 29
39 23
37 35
30 38
30 29
39 30
39 29
30 29
35 43
37 31
35 38
38 35
43 38
23 29
43 35
39 23
39 29
37 38
39 23
39 29
37 29
37 41
41 23
37 30
41 23
41 23
37 30
41 23
30 43
39 31
39 35
30 38
39 37
37 38
39 23
39 23
30 23
39 23
39 30
39 23
37 29
30 23
39 29
30 23
30 23
39 29
35 29
38 41
30 35
37 23
30 31
30 35
30 35
30 35
30 35
38 23
30 38
30 35
30 29
39 41
30 35
37 23
37 29
30 35
38 35
38 41
29 23
29 23
41 23
39 23
37 31
35 29
41 29
41 31
39 31
39 29
41 23
39 38
37 31
37 29
37 29
30 38
30 35
30 35
30 38
30 31
38 29
39 29
35 23
30 35
38 23
39 41
30 31
35 29
30 35
30 35
30 41
30 31
30 35
30 38
37 31
38 35
39 37
39 37
38 35
39 31
39 31
30 41
30 35
30 31
30 38
39 31
35 31
39 38
38 31
39 31
44 35
39 44
44 41
39 44
39 44
30 39
35 29
35 29
41 29
44 35
39 41
30 31
38 29
30 29
39 30
39 30
30 29
44 41
30 35
39 41
39 41
39 30
44 38
30 41
44 35
44 35
44 29
39 41
44 41
30 29
39 38
39 31
30 29
30 38
30 29
30 38
44 31
44 31
44 35
39 30
39 29
30 29
39 30
39 29
39 29
30 29
39 30
44 29
30 29
30 38
44 41
39 31
39 31
44 31
41 29
30 31
44 30
44 31
44 29
30 41
35 41
30 29
30 31
44 29
30 31
39 41
39 41
39 44
38 35
39 38
39 38
39 38
39 35
39 35
39 29
39 35
39 38
39 38
30 38
30 38
44 29
44 30
39 38
44 31
44 31
44 41
39 41
39 31
39 38
30 31
38 30
30 38
41 38
39 44
44 39
30 38
39 41
44 31
38 31
44 38
44 31
39 30
44 29
44 31
44 39
44 41
39 35
39 31
39 35
39 31
39 35
39 30
44 35
39 38
35 31
39 35
30 31
30 35
44 31
39 35
39 31
30 38
44 31
30 31
35 31
30 38
30 31
39 31
39 31
39 31
44 30
44 30
39 35
38 35
30 38
30 38
38 30
44 38
39 38
39 35
39 38
39 35
39 35
39 38
39 35
38 35
39 38
39 35
38 35
39 35
39 38
41 31
41 35
44 30
38 35
39 31
44 31
39 30
39 41
38 31
44 30
41 38
35 44
44 31
44 35
38 31
35 31
30 31
30 44
38 31
35 31
39 35
39 31
35 31
38 31
38 31
30 38
44 31
35 31
39 30
44 41
38 35
39 44
44 31
44 35
39 44
44 38
44 30
39 30
44 38
44 41
44 41
39 38
44 39
39 38
39 30
44 31
30 31
44 30
44 35
35 31
44 35
44 31
44 30
41 35
41 35
44 31
44 31
44 38
39 44
44 41
44 41
44 38
44 39
30 38
44 41
44 45
44 30
30 38
44 30
44 38
41 31
39 38
39 41
39 35
44 38
39 45
44 39
39 38
39 41
39 35
44 42
30 42
42 31
39 42
44 42
42 31
42 31
30 42
30 42
30 42
30 42
44 38
45 35
44 31
41 45
44 35
44 42
41 38
35 31
39 31
39 35
42 35
44 39
39 42
42 31
44 30
44 35
39 35
42 35
39 42
44 35
30 31
44 31
44 38
44 38
44 39
39 41
39 38
39 30
39 30
30 31
44 35
44 35
44 38
44 38
38 35
44 41
44 38
44 38
44 38
39 35
39 45
30 42
44 41
44 38
44 41
44 38
44 38
44 38
42 35
42 35
44 39
44 45
39 45
39 38
44 42
39 38
42 31
42 38
42 31
39 38
39 38
39 30
39 45
39 45
42 41
39 35
42 38
39 41
30 35
44 41
44 41
44 35
44 45
44 35
42 41
44 41
44 30
44 42
44 38
38 35
44 38
44 38
42 35
42 35
39 42
42 39
42 41
39 30
39 30
39 35
39 35
39 41
39 35
39 38
44 38
44 41
44 39
39 38
44 41
44 38
39 38
41 45
39 31
34 41
38 34
39 44
41 34
30 38
39 35
39 38
45 34
39 35
42 34
42 34
38 34
39 45
39 34
39 38
39 35
39 34
39 38
39 34
39 35
39 38
39 34
30 35
44 41
44 34
44 34
41 34
42 41
42 45
30 35
30 31
42 35
44 41
39 30
44 35
44 41
44 41
44 39
39 30
39 30
39 45
42 34
44 39
38 35
30 31
35 31
30 31
39 30
39 30
30 31
44 39
39 31
35 31
35 31
35 31
39 30
39 45
44 39
44 35
44 39
44 39
44 35
44 39
44 39
44 38
44 41
44 35
44 39
30 38
30 38
39 41
44 39
44 34
44 39
44 35
44 38
44 39
44 35
30 41
30 31
45 31
44 41
39 41
44 41
44 45
41 38
39 35
44 39
44 41
30 41
30 41
44 35
44 39
44 30
44 38
30 45
44 41
44 38
44 41
39 41
44 38
44 45
44 41
44 41
44 41
44 41
44 38
44 41
30 35
39 35
44 41
39 35
44 39
44 31
44 41
44 35
44 31
44 31
38 34
30 41
39 38
39 35
34 41
45 39
30 41
30 41
44 39
44 39
41 35
45 35
44 39
39 45
44 39
44 35
44 35
44 41
45 35
45 35
45 41
44 30
39 30
39 35
44 41
44 41
44 30
44 41
44 30
38 31
38 31
30 35
44 45
30 35
35 34
39 34
44 30
44 35
44 41
41 38
44 35
44 31
44 34
44 41
30 41
38 31
44 39
44 41
44 39
38 35
30 41
30 31
30 31
30 38
39 31
39 30
35 31
39 35
39 31
39 38
44 31
44 35
44 41
44 34
44 31
30 31
30 38
44 35
35 34
30 31
44 38
44 30
44 31
44 35
30 38
30 31
30 41
44 39
39 38
44 30
39 34
39 34
39 35
44 39
44 41
41 35
44 39
30 41
39 41
44 35
44 39
44 39
44 39
44 30
44 34
44 39
44 34
44 41
44 30
44 39
44 39
44 38
44 39
44 30
44 39
44 41
44 31
44 38
39 38
44 39
44 38
44 35
44 41
39 41
44 39
44 41
30 35
30 35
30 35
44 41
44 38
44 38
39 41
44 38
44 41
44 35
44 38
30 38
44 39
45 39
44 41
44 39
44 35
44 31
44 41
39 31
44 35
44 41
44 38
44 30
44 35
39 38
44 38
39 35
39 30
44 39
44 30
44 30
44 38
44 38
44 39
44 30
44 41
44 30
39 30
44 31
44 45
45 38
45 31
35 38
44 35
44 30
44 30
44 41
44 35
44 35
44 41
41 31
44 41
44 30
35 38
44 31
44 35
44 39
44 41
39 35
30 35
44 35
39 35
38 31
38 35
44 41
44 38
35 31
44 35
44 39
35 31
44 39
44 39
39 35
38 35
44 38
44 39
44 31
38 35
38 35
44 38
44 35
35 38
44 38
39 35
39 35
44 35
44 38
44 35
44 39
44 35
44 35
38 30
41 35
44 30
44 38
44 41
44 38
44 31
44 39
44 38
30 41
30 38
44 38
44 38
44 35
44 41
44 41
39 30
44 30
44 35
44 41
44 38
44 41
41 35
44 41
44 38
44 39
44 31
44 38
44 38
34 41
44 35
44 35
44 38
44 41
44 38
44 38
44 38
38 31
39 34
44 38
44 41
44 38
44 41
44 41
44 38
44 38
44 31
44 41
44 30
34 41
44 34
44 30
44 38
44 41
44 39
39 31
44 41
44 41
44 31
44 38
44 38
44 38
44 34
39 34
41 35
39 34
39 34
39 34
41 35
39 34
39 34
44 39
44 39
44 39
41 35
41 34
44 41
44 31
44 38
41 34
44 31
44 34
44 39
44 39
44 38
35 31
44 38
44 39
44 30
34 31
30 31
44 38
44 39
44 38
44 39
44 39
44 39
44 38
44 35
44 38
44 31
44 30
44 35
44 42
34 42
34 41
44 35
44 38
34 35
44 42
34 35
34 30
34 35
44 39
42 35
44 39
34 31
39 42
44 38
44 38
39 31
38 31
30 31
30 31
44 41
44 35
35 53
42 35
34 35
34 38
44 38
44 38
44 39
39 34
30 38
44 38
44 38
44 41
42 35
42 46
35 53
39 46
46 34
39 46
39 46
41 46
30 46
42 46
46 38
44 34
44 30
44 38
44 39
44 53
44 46
39 46
39 30
46 53
44 31
44 31
39 35
46 34
39 41
39 34
39 41
44 53
44 34
44 31
44 35
46 30
39 30
39 30
44 46
34 41
39 30
46 47
44 53
46 47
46 47
44 53
44 41
44 41
47 41
30 31
44 46
44 34
30 31
47 38
47 38
44 46
44 39
44 47
44 47
44 30
44 47
44 47
44 47
46 47
38 41
39 47
47 31
44 46
47 53
47 35
47 38
44 39
44 53
44 46
39 30
30 31
44 38
44 34
44 46
44 35
44 46
44 35
38 53
44 46
48 30
39 30
48 35
39 53
39 31
44 30
46 31
39 48
38 30
48 35
44 38
44 34
44 34
41 31
46 31
48 35
46 53
44 31
44 46
44 30
44 30
38 47
35 31
44 46
47 53
46 31
44 31
44 46
44 53
39 38
46 30
47 31
44 38
38 41
44 30
46 31
47 31
44 41
44 31
44 30
44 47
44 31
44 31
44 31
38 34
44 41
44 47
44 38
44 47
44 47
44 38
34 53
44 31
47 31
44 31
44 38
44 35
44 39
44 41
38 35
44 47
44 38
44 47
44 41
47 35
47 35
39 31
39 30
44 30
44 30
46 47
44 46
46 47
44 34
44 38
46 47
46 34
44 47
39 38
44 47
48 31
35 47
38 34
30 53
38 31
39 47
47 34
44 53
39 34
41 30
30 31
44 41
44 38
44 41
42 41
44 41
42 38
44 53
44 39
44 34
46 31
44 31
44 53
44 38
44 47
47 53
39 31
44 34
48 31
44 46
46 35
49 30
49 30
49 30
46 31
44 34
44 39
30 53
38 30
39 48
39 47
48 47
39 30
39 48
39 35
39 47
39 41
39 30
44 41
44 30
49 30
49 30
46 39
47 53
39 49
39 38
39 35
