1 1 0
1 1 0
1 1 0
1 1 0
1 1 0
1 1 0
1 1 0
1 1 0
1 1 0
1 2 0
1 2 0
1 2 0
1 2 0
1 2 0
1 2 0
1 2 0
1 2 0
1 2 0
1 3 0
1 3 0
1 3 0
1 3 0
1 3 0
1 3 0
1 3 0
1 3 0
1 3 0
1 3 0
1 3 0
1 3 0
1 3 0
1 3 0
1 5 0
1 5 0
1 6 0
1 6 0
1 6 0
1 6 0
1 6 0
1 6 0
1 6 0
1 7 0
1 7 0
1 7 0
1 7 0
1 7 0
1 7 0
1 7 0
1 7 0
1 7 0
1 7 0
1 7 0
1 8 0
1 8 0
1 8 0
1 8 0
1 8 0
1 8 0
1 8 0
1 9 0
1 9 0
1 10 0
1 10 0
1 10 0
1 10 0
1 10 0
1 11 0
1 11 0
1 11 0
1 11 0
1 11 0
1 11 0
1 12 0
1 12 0
1 13 0
1 13 0
1 13 0
1 13 0
1 14 0
1 14 0
1 14 0
1 14 0
1 15 0
1 15 0
1 15 0
1 15 0
1 16 0
1 16 0
1 16 0
1 16 0
1 16 0
1 17 0
1 18 0
1 18 0
1 20 0
1 20 0
1 20 0
1 20 0
1 20 0
1 21 0
1 21 0
1 22 0
1 23 0
1 24 0
1 24 0
1 25 0
1 25 0
1 26 0
1 26 0
1 26 0
1 26 0
1 26 0
1 26 0
1 26 0
1 27 0
1 27 0
1 27 0
1 28 0
1 28 0
1 28 0
1 29 0
1 29 0
1 30 0
1 30 0
1 30 0
1 31 0
1 31 0
1 32 0
1 33 0
1 33 0
1 36 0
1 37 0
1 38 0
1 38 0
1 42 0
1 46 0
1 46 0
1 46 0
1 46 0
1 46 0
1 46 0
1 46 0
1 46 0
1 49 0
1 50 0
1 54 0
1 56 0
1 57 0
1 60 0
1 61 0
1 63 0
1 63 0
1 65 0
1 66 0
1 67 0
1 69 0
1 69 0
1 69 0
1 69 0
1 69 0
1 69 0
1 71 0
1 72 0
1 74 0
1 78 0
1 79 0
1 80 0
1 82 0
1 83 0
1 85 0
1 89 0
1 91 0
1 98 0
1 101 0
1 105 0
1 106 0
1 111 0
1 111 0
1 111 0
1 115 0
1 115 0
1 116 0
1 125 0
1 135 0
1 148 0
1 154 0
1 157 0
1 167 0
1 170 0
2 1 0
2 1 0
2 1 0
2 1 0
2 1 0
2 1 0
2 1 0
2 1 0
2 2 0
2 2 0
2 2 0
2 2 0
2 2 0
2 2 0
2 2 0
2 3 0
2 3 0
2 3 0
2 3 0
2 3 0
2 3 0
2 3 0
2 3 0
2 3 0
2 3 0
2 3 0
2 3 0
2 4 0
2 4 0
2 5 0
2 5 0
2 5 0
2 6 0
2 6 0
2 6 0
2 6 0
2 6 0
2 7 0
2 7 0
2 7 0
2 7 0
2 7 0
2 7 0
2 7 0
2 7 0
2 7 0
2 7 0
2 7 0
2 7 0
2 7 0
2 7 0
2 7 0
2 8 0
2 8 0
2 8 0
2 9 0
2 10 0
2 10 0
2 10 0
2 10 0
2 10 0
2 10 0
2 10 0
2 11 0
2 11 0
2 11 0
2 11 0
2 12 0
2 12 0
2 12 0
2 12 0
2 12 0
2 12 0
2 12 0
2 13 0
2 13 0
2 13 0
2 15 0
2 15 0
2 15 0
2 15 0
2 16 0
2 16 0
2 18 0
2 18 0
2 18 0
2 18 0
2 19 0
2 19 0
2 20 0
2 20 0
2 20 0
2 21 0
2 22 0
2 23 0
2 23 0
2 25 0
2 25 0
2 25 0
2 26 0
2 26 0
2 26 0
2 26 0
2 26 0
2 26 0
2 26 0
2 26 0
2 26 0
2 27 0
2 27 0
2 28 0
2 28 0
2 28 0
2 28 0
2 28 0
2 29 0
2 29 0
2 29 0
2 29 0
2 30 0
2 30 0
2 31 0
2 31 0
2 31 0
2 31 0
2 32 0
2 32 0
2 32 0
2 32 0
2 32 0
2 34 0
2 34 0
2 36 0
2 36 0
2 36 0
2 37 0
2 37 0
2 37 0
2 37 0
2 37 0
2 37 0
2 38 0
2 39 0
2 40 0
2 40 0
2 41 0
2 42 0
2 44 0
2 44 0
2 45 0
2 46 0
2 46 0
2 46 0
2 46 0
2 49 0
2 49 0
2 50 0
2 51 0
2 51 0
2 51 0
2 51 0
2 51 0
2 52 0
2 52 0
2 53 0
2 53 0
2 55 0
2 55 0
2 55 0
2 55 0
2 55 0
2 56 0
2 56 0
2 56 0
2 66 0
2 67 0
2 69 0
2 70 0
2 71 0
2 81 0
2 82 0
2 84 0
2 87 0
2 87 0
2 88 0
2 96 0
2 96 0
2 97 0
2 102 0
2 107 0
2 112 0
2 120 0
2 120 0
2 122 0
2 124 0
2 133 0
2 136 0
2 139 0
2 139 0
2 147 0
2 147 0
2 166 0
2 191 0
2 192 0
3 1 0
3 1 0
3 1 0
3 1 0
3 1 0
3 1 0
3 1 0
3 1 0
3 2 0
3 2 0
3 2 0
3 2 0
3 2 0
3 2 0
3 2 0
3 2 0
3 3 0
3 3 0
3 3 0
3 3 0
3 3 0
3 3 0
3 3 0
3 3 0
3 3 0
3 3 0
3 3 0
3 3 0
3 3 0
3 3 0
3 3 0
3 3 0
3 3 0
3 3 0
3 3 0
3 3 0
3 3 0
3 3 0
3 3 0
3 3 0
3 3 0
3 3 0
3 3 0
3 4 0
3 4 0
3 4 0
3 4 0
3 5 0
3 5 0
3 6 0
3 6 0
3 6 0
3 6 0
3 6 0
3 6 0
3 6 0
3 6 0
3 7 0
3 7 0
3 7 0
3 7 0
3 7 0
3 7 0
3 7 0
3 7 0
3 7 0
3 7 0
3 7 0
3 7 0
3 7 0
3 7 0
3 7 0
3 7 0
3 7 0
3 8 0
3 8 0
3 8 0
3 9 0
3 9 0
3 9 0
3 9 0
3 9 0
3 10 0
3 10 0
3 10 0
3 10 0
3 10 0
3 10 0
3 10 0
3 11 0
3 11 0
3 11 0
3 12 0
3 12 0
3 13 0
3 13 0
3 13 0
3 14 0
3 14 0
3 15 0
3 15 0
3 15 0
3 15 0
3 15 0
3 15 0
3 15 0
3 16 0
3 16 0
3 17 0
3 17 0
3 17 0
3 17 0
3 17 0
3 18 0
3 18 0
3 18 0
3 18 0
3 18 0
3 18 0
3 18 0
3 19 0
3 19 0
3 19 0
3 19 0
3 19 0
3 19 0
3 19 0
3 19 0
3 20 0
3 20 0
3 20 0
3 20 0
3 21 0
3 21 0
3 21 0
3 21 0
3 22 0
3 22 0
3 23 0
3 23 0
3 23 0
3 24 0
3 25 0
3 25 0
3 25 0
3 25 0
3 25 0
3 25 0
3 26 0
3 26 0
3 26 0
3 26 0
3 26 0
3 26 0
3 26 0
3 26 0
3 27 0
3 27 0
3 27 0
3 28 0
3 28 0
3 28 0
3 28 0
3 28 0
3 28 0
3 28 0
3 28 0
3 30 0
3 30 0
3 30 0
3 30 0
3 31 0
3 32 0
3 32 0
3 32 0
3 32 0
3 33 0
3 33 0
3 34 0
3 34 0
3 35 0
3 35 0
3 35 0
3 37 0
3 37 0
3 37 0
3 37 0
3 37 0
3 37 0
3 37 0
3 37 0
3 37 0
3 37 0
3 39 0
3 40 0
3 40 0
3 40 0
3 41 0
3 41 0
3 42 0
3 42 0
3 42 0
3 42 0
3 42 0
3 42 0
3 43 0
3 43 0
3 43 0
3 44 0
3 45 0
3 45 0
3 45 0
3 45 0
3 45 0
3 45 0
3 46 0
3 46 0
3 46 0
3 47 0
3 49 0
3 49 0
3 50 0
3 51 0
3 51 0
3 52 0
3 52 0
3 52 0
3 55 0
3 56 0
3 56 0
3 57 0
3 57 0
3 59 0
3 60 0
3 67 0
3 70 0
3 70 0
3 72 0
3 72 0
3 73 0
3 74 0
3 81 0
3 82 0
3 84 0
3 84 0
3 97 0
3 100 0
3 101 0
3 102 0
3 102 0
3 104 0
3 104 0
3 111 0
3 111 0
3 111 0
3 111 0
3 111 0
3 113 0
3 113 0
3 122 0
3 122 0
3 122 0
3 122 0
3 128 0
3 129 0
3 131 0
3 131 0
3 133 0
3 133 0
3 143 0
3 145 0
3 145 0
3 145 0
3 148 0
3 148 0
3 148 0
3 148 0
3 150 0
3 151 0
3 154 0
3 154 0
3 160 0
3 160 0
3 160 0
3 161 0
3 161 0
3 168 0
3 175 0
3 175 0
3 175 0
3 175 0
3 175 0
3 175 0
3 175 0
3 175 0
3 181 0
3 188 0
3 191 0
3 199 0
4 1 0
4 1 0
4 1 0
4 2 0
4 3 0
4 3 0
4 4 0
4 4 0
4 6 0
4 6 0
4 6 0
4 7 0
4 7 0
4 10 0
4 11 0
4 15 0
4 16 0
4 18 0
4 19 0
4 21 0
4 23 0
4 30 0
4 32 0
4 32 0
4 32 0
4 37 0
4 41 0
4 52 0
4 54 0
4 54 0
4 59 0
4 70 0
4 85 0
4 86 0
4 90 0
4 101 0
4 106 0
4 111 0
4 140 0
4 164 0
5 1 0
5 1 0
5 2 0
5 2 0
5 3 0
5 3 0
5 3 0
5 5 0
5 5 0
5 6 0
5 6 0
5 7 0
5 7 0
5 7 0
5 7 0
5 8 0
5 9 0
5 9 0
5 11 0
5 13 0
5 15 0
5 16 0
5 16 0
5 18 0
5 20 0
5 20 0
5 21 0
5 21 0
5 27 0
5 27 0
5 27 0
5 29 0
5 29 0
5 30 0
5 30 0
5 31 0
5 31 0
5 33 0
5 34 0
5 37 0
5 38 0
5 38 0
5 43 0
5 44 0
5 45 0
5 47 0
5 51 0
5 66 0
5 67 0
5 70 0
5 75 0
5 87 0
5 97 0
5 100 0
5 102 0
5 111 0
5 115 0
5 124 0
5 135 0
5 149 0
5 149 0
5 154 0
5 161 0
5 170 0
5 175 0
5 175 0
5 175 0
5 191 0
6 1 0
6 1 0
6 1 0
6 3 0
6 5 0
6 6 0
6 6 0
6 6 0
6 7 0
6 7 0
6 7 0
6 8 0
6 9 0
6 9 0
6 10 0
6 11 0
6 11 0
6 12 0
6 12 0
6 12 0
6 13 0
6 13 0
6 13 0
6 14 0
6 16 0
6 17 0
6 17 0
6 17 0
6 17 0
6 17 0
6 18 0
6 18 0
6 18 0
6 18 0
6 21 0
6 22 0
6 22 0
6 22 0
6 23 0
6 24 0
6 25 0
6 25 0
6 26 0
6 27 0
6 27 0
6 27 0
6 27 0
6 28 0
6 29 0
6 29 0
6 31 0
6 31 0
6 31 0
6 33 0
6 33 0
6 33 0
6 35 0
6 35 0
6 36 0
6 37 0
6 37 0
6 37 0
6 40 0
6 40 0
6 46 0
6 49 0
6 55 0
6 55 0
6 55 0
6 55 0
6 56 0
6 57 0
6 62 0
6 65 0
6 66 0
6 67 0
6 70 0
6 70 0
6 73 0
6 77 0
6 78 0
6 81 0
6 83 0
6 87 0
6 87 0
6 90 0
6 93 0
6 93 0
6 94 0
6 95 0
6 95 0
6 104 0
6 106 0
6 107 0
6 111 0
6 111 0
6 112 0
6 113 0
6 113 0
6 115 0
6 120 0
6 120 0
6 123 0
6 133 0
6 146 0
6 147 0
6 150 0
6 155 0
6 164 0
6 191 0
6 198 0
6 200 0
6 201 0
7 1 0
7 1 0
7 1 0
7 1 0
7 1 0
7 2 0
7 2 0
7 2 0
7 2 0
7 2 0
7 3 0
7 3 0
7 4 0
7 4 0
7 4 0
7 5 0
7 5 0
7 6 0
7 7 0
7 7 0
7 7 0
7 7 0
7 7 0
7 7 0
7 7 0
7 7 0
7 7 0
7 7 0
7 7 0
7 7 0
7 7 0
7 7 0
7 7 0
7 7 0
7 7 0
7 7 0
7 7 0
7 7 0
7 7 0
7 7 0
7 7 0
7 8 0
7 8 0
7 9 0
7 10 0
7 10 0
7 10 0
7 10 0
7 10 0
7 10 0
7 11 0
7 11 0
7 11 0
7 12 0
7 12 0
7 12 0
7 12 0
7 12 0
7 12 0
7 13 0
7 13 0
7 14 0
7 15 0
7 16 0
7 17 0
7 18 0
7 18 0
7 19 0
7 20 0
7 20 0
7 20 0
7 21 0
7 21 0
7 21 0
7 21 0
7 21 0
7 23 0
7 23 0
7 23 0
7 23 0
7 23 0
7 23 0
7 27 0
7 28 0
7 28 0
7 28 0
7 28 0
7 28 0
7 30 0
7 30 0
7 33 0
7 33 0
7 34 0
7 35 0
7 36 0
7 36 0
7 36 0
7 37 0
7 37 0
7 37 0
7 37 0
7 37 0
7 37 0
7 37 0
7 37 0
7 37 0
7 37 0
7 39 0
7 40 0
7 41 0
7 42 0
7 42 0
7 43 0
7 43 0
7 44 0
7 45 0
7 47 0
7 48 0
7 50 0
7 52 0
7 52 0
7 54 0
7 55 0
7 55 0
7 57 0
7 57 0
7 57 0
7 57 0
7 61 0
7 61 0
7 66 0
7 66 0
7 69 0
7 72 0
7 73 0
7 76 0
7 80 0
7 80 0
7 85 0
7 86 0
7 88 0
7 88 0
7 89 0
7 90 0
7 95 0
7 95 0
7 102 0
7 102 0
7 111 0
7 111 0
7 114 0
7 121 0
7 124 0
7 125 0
7 125 0
7 125 0
7 145 0
7 145 0
7 151 0
7 163 0
7 175 0
7 188 0
7 191 0
7 191 0
7 193 0
7 200 0
8 1 0
8 2 0
8 3 0
8 4 0
8 5 0
8 5 0
8 5 0
8 7 0
8 8 0
8 8 0
8 9 0
8 10 0
8 11 0
8 13 0
8 13 0
8 14 0
8 16 0
8 17 0
8 18 0
8 18 0
8 20 0
8 20 0
8 21 0
8 23 0
8 24 0
8 25 0
8 26 0
8 26 0
8 27 0
8 28 0
8 28 0
8 28 0
8 28 0
8 32 0
8 33 0
8 34 0
8 34 0
8 35 0
8 36 0
8 38 0
8 38 0
8 40 0
8 42 0
8 45 0
8 46 0
8 49 0
8 51 0
8 55 0
8 56 0
8 60 0
8 61 0
8 63 0
8 64 0
8 64 0
8 64 0
8 64 0
8 78 0
8 79 0
8 81 0
8 86 0
8 88 0
8 100 0
8 103 0
8 105 0
8 107 0
8 107 0
8 113 0
8 113 0
8 114 0
8 118 0
8 120 0
8 122 0
8 133 0
8 139 0
8 142 0
8 151 0
8 154 0
8 154 0
8 155 0
8 175 0
8 193 0
8 204 0
9 1 0
9 7 0
9 7 0
9 7 0
9 7 0
9 8 0
9 8 0
9 11 0
9 11 0
9 13 0
9 15 0
9 16 0
9 16 0
9 16 0
9 19 0
9 25 0
9 27 0
9 32 0
9 32 0
9 33 0
9 37 0
9 37 0
9 37 0
9 38 0
9 42 0
9 42 0
9 42 0
9 47 0
9 54 0
9 56 0
9 57 0
9 65 0
9 65 0
9 70 0
9 75 0
9 80 0
9 84 0
9 97 0
9 105 0
9 107 0
9 111 0
9 112 0
9 148 0
9 166 0
9 182 0
9 186 0
9 191 0
10 2 0
10 5 0
10 6 0
10 6 0
10 7 0
10 7 0
10 8 0
10 8 0
10 10 0
10 10 0
10 11 0
10 12 0
10 12 0
10 12 0
10 12 0
10 13 0
10 15 0
10 16 0
10 16 0
10 18 0
10 20 0
10 22 0
10 25 0
10 26 0
10 26 0
10 26 0
10 26 0
10 26 0
10 26 0
10 27 0
10 28 0
10 29 0
10 30 0
10 34 0
10 36 0
10 37 0
10 37 0
10 37 0
10 37 0
10 38 0
10 40 0
10 42 0
10 42 0
10 43 0
10 43 0
10 46 0
10 46 0
10 46 0
10 46 0
10 46 0
10 47 0
10 51 0
10 52 0
10 55 0
10 55 0
10 56 0
10 57 0
10 59 0
10 60 0
10 70 0
10 73 0
10 74 0
10 75 0
10 77 0
10 85 0
10 101 0
10 102 0
10 109 0
10 137 0
10 142 0
10 154 0
10 162 0
10 167 0
10 171 0
10 191 0
10 200 0
11 2 0
11 6 0
11 6 0
11 8 0
11 10 0
11 11 0
11 11 0
11 11 0
11 12 0
11 12 0
11 12 0
11 15 0
11 15 0
11 15 0
11 15 0
11 15 0
11 17 0
11 17 0
11 18 0
11 19 0
11 21 0
11 22 0
11 26 0
11 27 0
11 28 0
11 28 0
11 28 0
11 28 0
11 28 0
11 28 0
11 29 0
11 31 0
11 32 0
11 32 0
11 32 0
11 32 0
11 33 0
11 34 0
11 34 0
11 35 0
11 35 0
11 35 0
11 36 0
11 37 0
11 37 0
11 37 0
11 38 0
11 40 0
11 41 0
11 41 0
11 41 0
11 41 0
11 42 0
11 42 0
11 42 0
11 43 0
11 43 0
11 44 0
11 47 0
11 49 0
11 49 0
11 50 0
11 52 0
11 52 0
11 52 0
11 52 0
11 52 0
11 53 0
11 53 0
11 54 0
11 54 0
11 54 0
11 56 0
11 57 0
11 57 0
11 66 0
11 67 0
11 70 0
11 71 0
11 72 0
11 74 0
11 74 0
11 74 0
11 74 0
11 75 0
11 75 0
11 75 0
11 77 0
11 77 0
11 78 0
11 79 0
11 79 0
11 80 0
11 83 0
11 83 0
11 83 0
11 84 0
11 85 0
11 86 0
11 86 0
11 87 0
11 87 0
11 87 0
11 87 0
11 87 0
11 87 0
11 88 0
11 89 0
11 90 0
11 92 0
11 95 0
11 98 0
11 100 0
11 102 0
11 103 0
11 105 0
11 106 0
11 108 0
11 108 0
11 109 0
11 110 0
11 111 0
11 111 0
11 111 0
11 111 0
11 112 0
11 112 0
11 112 0
11 113 0
11 115 0
11 123 0
11 124 0
11 128 0
11 128 0
11 129 0
11 129 0
11 131 0
11 131 0
11 133 0
11 133 0
11 138 0
11 141 0
11 142 0
11 142 0
11 142 0
11 142 0
11 142 0
11 143 0
11 154 0
11 155 0
11 156 0
11 163 0
11 164 0
11 165 0
11 167 0
11 168 0
11 173 0
11 173 0
11 181 0
11 181 0
11 181 0
11 199 0
11 200 0
11 204 0
12 1 0
12 2 0
12 2 0
12 6 0
12 6 0
12 7 0
12 10 0
12 11 0
12 11 0
12 11 0
12 11 0
12 11 0
12 12 0
12 13 0
12 13 0
12 13 0
12 16 0
12 21 0
12 21 0
12 22 0
12 23 0
12 23 0
12 27 0
12 27 0
12 28 0
12 28 0
12 28 0
12 29 0
12 30 0
12 30 0
12 31 0
12 35 0
12 37 0
12 37 0
12 37 0
12 38 0
12 38 0
12 38 0
12 42 0
12 44 0
12 48 0
12 48 0
12 51 0
12 54 0
12 55 0
12 55 0
12 59 0
12 60 0
12 66 0
12 68 0
12 69 0
12 70 0
12 70 0
12 73 0
12 75 0
12 75 0
12 78 0
12 82 0
12 84 0
12 85 0
12 87 0
12 87 0
12 89 0
12 96 0
12 98 0
12 102 0
12 103 0
12 107 0
12 107 0
12 110 0
12 114 0
12 116 0
12 116 0
12 123 0
12 125 0
12 130 0
12 132 0
12 138 0
12 139 0
12 141 0
12 150 0
12 152 0
12 155 0
12 166 0
12 188 0
12 191 0
12 196 0
13 5 0
13 6 0
13 6 0
13 10 0
13 11 0
13 13 0
13 15 0
13 19 0
13 20 0
13 20 0
13 20 0
13 20 0
13 20 0
13 23 0
13 24 0
13 24 0
13 24 0
13 24 0
13 25 0
13 26 0
13 26 0
13 27 0
13 27 0
13 28 0
13 31 0
13 33 0
13 36 0
13 36 0
13 36 0
13 38 0
13 38 0
13 40 0
13 43 0
13 45 0
13 51 0
13 53 0
13 54 0
13 54 0
13 64 0
13 66 0
13 66 0
13 67 0
13 69 0
13 69 0
13 70 0
13 73 0
13 76 0
13 76 0
13 79 0
13 81 0
13 84 0
13 84 0
13 86 0
13 87 0
13 88 0
13 88 0
13 88 0
13 93 0
13 99 0
13 102 0
13 102 0
13 115 0
13 121 0
13 124 0
13 130 0
13 130 0
13 142 0
13 143 0
13 145 0
13 148 0
13 155 0
13 161 0
13 164 0
13 167 0
13 167 0
13 167 0
13 167 0
13 171 0
13 174 0
13 174 0
13 181 0
13 184 0
13 195 0
13 201 0
14 3 0
14 8 0
14 9 0
14 13 0
14 14 0
14 14 0
14 17 0
14 18 0
14 19 0
14 21 0
14 22 0
14 27 0
14 27 0
14 38 0
14 42 0
14 42 0
14 43 0
14 48 0
14 50 0
14 50 0
14 52 0
14 53 0
14 56 0
14 57 0
14 63 0
14 64 0
14 69 0
14 69 0
14 71 0
14 86 0
14 88 0
14 98 0
14 111 0
14 111 0
14 131 0
14 139 0
14 159 0
14 169 0
14 175 0
14 179 0
14 202 0
14 203 0
15 1 0
15 1 0
15 2 0
15 7 0
15 12 0
15 13 0
15 15 0
15 15 0
15 15 0
15 15 0
15 18 0
15 18 0
15 20 0
15 23 0
15 23 0
15 24 0
15 24 0
15 25 0
15 26 0
15 28 0
15 29 0
15 31 0
15 32 0
15 32 0
15 34 0
15 38 0
15 39 0
15 42 0
15 42 0
15 43 0
15 47 0
15 49 0
15 49 0
15 51 0
15 55 0
15 55 0
15 60 0
15 60 0
15 62 0
15 69 0
15 69 0
15 74 0
15 84 0
15 85 0
15 88 0
15 100 0
15 106 0
15 107 0
15 111 0
15 117 0
15 118 0
15 130 0
15 132 0
15 138 0
15 138 0
15 152 0
15 155 0
15 161 0
15 166 0
15 170 0
15 181 0
15 191 0
15 191 0
15 204 0
16 15 0
16 16 0
16 19 0
16 20 0
16 21 0
16 27 0
16 27 0
16 29 0
16 31 0
16 35 0
16 35 0
16 40 0
16 51 0
16 52 0
16 56 0
16 58 0
16 62 0
16 67 0
16 67 0
16 70 0
16 76 0
16 82 0
16 93 0
16 101 0
16 127 0
16 146 0
16 147 0
16 201 0
17 2 0
17 6 0
17 7 0
17 7 0
17 7 0
17 12 0
17 18 0
17 22 0
17 22 0
17 35 0
17 38 0
17 41 0
17 73 0
17 79 0
17 84 0
17 105 0
17 108 0
17 112 0
17 145 0
17 145 0
17 146 0
17 149 0
17 190 0
17 191 0
17 191 0
17 191 0
17 191 0
17 200 0
18 7 0
18 9 0
18 10 0
18 12 0
18 14 0
18 14 0
18 18 0
18 18 0
18 20 0
18 25 0
18 25 0
18 25 0
18 25 0
18 25 0
18 25 0
18 27 0
18 28 0
18 28 0
18 29 0
18 29 0
18 29 0
18 31 0
18 31 0
18 32 0
18 32 0
18 34 0
18 34 0
18 35 0
18 36 0
18 36 0
18 36 0
18 37 0
18 41 0
18 41 0
18 42 0
18 49 0
18 49 0
18 49 0
18 50 0
18 51 0
18 52 0
18 53 0
18 53 0
18 53 0
18 54 0
18 55 0
18 57 0
18 69 0
18 72 0
18 72 0
18 74 0
18 74 0
18 75 0
18 76 0
18 77 0
18 79 0
18 80 0
18 82 0
18 83 0
18 87 0
18 96 0
18 96 0
18 98 0
18 98 0
18 98 0
18 102 0
18 103 0
18 107 0
18 108 0
18 111 0
18 111 0
18 113 0
18 115 0
18 116 0
18 120 0
18 120 0
18 129 0
18 132 0
18 148 0
18 150 0
18 154 0
18 157 0
18 163 0
18 175 0
18 175 0
18 175 0
18 178 0
18 181 0
18 184 0
18 187 0
18 188 0
18 191 0
18 194 0
18 203 0
19 7 0
19 18 0
19 19 0
19 20 0
19 21 0
19 22 0
19 24 0
19 31 0
19 31 0
19 34 0
19 36 0
19 37 0
19 38 0
19 43 0
19 43 0
19 44 0
19 50 0
19 55 0
19 56 0
19 57 0
19 69 0
19 70 0
19 70 0
19 72 0
19 79 0
19 79 0
19 82 0
19 84 0
19 89 0
19 97 0
19 100 0
19 100 0
19 100 0
19 101 0
19 104 0
19 106 0
19 106 0
19 106 0
19 111 0
19 116 0
19 116 0
19 118 0
19 121 0
19 125 0
19 128 0
19 148 0
19 153 0
19 160 0
19 170 0
19 175 0
19 181 0
19 191 0
19 192 0
20 3 0
20 7 0
20 7 0
20 7 0
20 13 0
20 13 0
20 15 0
20 16 0
20 17 0
20 18 0
20 20 0
20 25 0
20 27 0
20 28 0
20 29 0
20 31 0
20 32 0
20 32 0
20 36 0
20 37 0
20 37 0
20 38 0
20 40 0
20 41 0
20 41 0
20 49 0
20 51 0
20 51 0
20 52 0
20 60 0
20 70 0
20 88 0
20 88 0
20 91 0
20 96 0
20 98 0
20 102 0
20 120 0
20 120 0
20 124 0
20 130 0
20 145 0
20 175 0
20 184 0
20 193 0
20 198 0
20 201 0
21 3 0
21 6 0
21 7 0
21 7 0
21 7 0
21 8 0
21 10 0
21 10 0
21 10 0
21 10 0
21 13 0
21 15 0
21 18 0
21 21 0
21 21 0
21 21 0
21 21 0
21 21 0
21 21 0
21 21 0
21 21 0
21 21 0
21 21 0
21 21 0
21 21 0
21 21 0
21 21 0
21 21 0
21 21 0
21 21 0
21 22 0
21 22 0
21 27 0
21 31 0
21 32 0
21 38 0
21 38 0
21 45 0
21 46 0
21 46 0
21 46 0
21 46 0
21 46 0
21 47 0
21 51 0
21 55 0
21 55 0
21 55 0
21 55 0
21 55 0
21 55 0
21 55 0
21 55 0
21 55 0
21 55 0
21 55 0
21 55 0
21 55 0
21 55 0
21 57 0
21 57 0
21 57 0
21 59 0
21 60 0
21 65 0
21 65 0
21 65 0
21 66 0
21 66 0
21 66 0
21 66 0
21 66 0
21 66 0
21 67 0
21 69 0
21 72 0
21 75 0
21 77 0
21 78 0
21 78 0
21 78 0
21 78 0
21 78 0
21 80 0
21 80 0
21 80 0
21 80 0
21 80 0
21 80 0
21 80 0
21 80 0
21 91 0
21 91 0
21 91 0
21 93 0
21 93 0
21 94 0
21 94 0
21 94 0
21 95 0
21 95 0
21 95 0
21 95 0
21 95 0
21 95 0
21 96 0
21 99 0
21 99 0
21 99 0
21 99 0
21 99 0
21 102 0
21 111 0
21 120 0
21 124 0
21 129 0
21 129 0
21 129 0
21 129 0
21 139 0
21 139 0
21 139 0
21 141 0
21 143 0
21 151 0
21 151 0
21 151 0
21 151 0
21 151 0
21 151 0
21 151 0
21 151 0
21 151 0
21 151 0
21 151 0
21 151 0
21 151 0
21 151 0
21 151 0
21 153 0
21 170 0
21 175 0
21 189 0
21 189 0
21 189 0
22 10 0
22 14 0
22 14 0
22 22 0
22 22 0
22 23 0
22 25 0
22 26 0
22 27 0
22 27 0
22 37 0
22 38 0
22 41 0
22 41 0
22 44 0
22 45 0
22 50 0
22 63 0
22 64 0
22 66 0
22 70 0
22 80 0
22 87 0
22 104 0
22 105 0
22 140 0
22 147 0
22 155 0
22 161 0
22 181 0
22 193 0
22 200 0
22 200 0
23 6 0
23 19 0
23 23 0
23 23 0
23 23 0
23 26 0
23 27 0
23 28 0
23 32 0
23 36 0
23 36 0
23 41 0
23 41 0
23 47 0
23 49 0
23 50 0
23 52 0
23 52 0
23 53 0
23 53 0
23 54 0
23 54 0
23 56 0
23 60 0
23 61 0
23 71 0
23 72 0
23 76 0
23 81 0
23 81 0
23 87 0
23 87 0
23 87 0
23 88 0
23 102 0
23 102 0
23 108 0
23 110 0
23 110 0
23 115 0
23 120 0
23 120 0
23 123 0
23 131 0
23 173 0
23 173 0
23 181 0
23 203 0
23 203 0
24 7 0
24 14 0
24 18 0
24 27 0
24 27 0
24 35 0
24 35 0
24 37 0
24 39 0
24 43 0
24 49 0
24 75 0
24 96 0
24 115 0
24 117 0
24 148 0
24 154 0
24 169 0
24 171 0
25 5 0
25 6 0
25 6 0
25 7 0
25 7 0
25 20 0
25 20 0
25 20 0
25 22 0
25 25 0
25 25 0
25 28 0
25 28 0
25 28 0
25 34 0
25 35 0
25 35 0
25 36 0
25 36 0
25 37 0
25 38 0
25 40 0
25 40 0
25 40 0
25 44 0
25 50 0
25 50 0
25 54 0
25 56 0
25 57 0
25 59 0
25 61 0
25 67 0
25 68 0
25 72 0
25 73 0
25 73 0
25 74 0
25 79 0
25 80 0
25 81 0
25 81 0
25 84 0
25 84 0
25 84 0
25 87 0
25 95 0
25 98 0
25 98 0
25 98 0
25 100 0
25 107 0
25 107 0
25 107 0
25 110 0
25 117 0
25 118 0
25 118 0
25 118 0
25 118 0
25 128 0
25 133 0
25 133 0
25 145 0
25 145 0
25 151 0
25 153 0
25 154 0
25 156 0
25 160 0
25 161 0
25 161 0
25 166 0
25 166 0
25 169 0
25 175 0
25 179 0
25 184 0
25 194 0
25 202 0
26 2 0
26 10 0
26 11 0
26 12 0
26 15 0
26 19 0
26 26 0
26 26 0
26 28 0
26 32 0
26 35 0
26 35 0
26 37 0
26 49 0
26 49 0
26 49 0
26 56 0
26 60 0
26 60 0
26 64 0
26 67 0
26 69 0
26 69 0
26 70 0
26 72 0
26 81 0
26 108 0
26 110 0
26 111 0
26 118 0
26 131 0
26 139 0
26 148 0
26 148 0
26 152 0
26 155 0
26 165 0
26 165 0
27 12 0
27 12 0
27 18 0
27 19 0
27 21 0
27 21 0
27 21 0
27 22 0
27 25 0
27 27 0
27 27 0
27 28 0
27 30 0
27 32 0
27 34 0
27 35 0
27 35 0
27 35 0
27 36 0
27 37 0
27 38 0
27 38 0
27 39 0
27 41 0
27 43 0
27 44 0
27 44 0
27 45 0
27 46 0
27 48 0
27 49 0
27 49 0
27 55 0
27 60 0
27 64 0
27 64 0
27 66 0
27 70 0
27 70 0
27 71 0
27 76 0
27 80 0
27 81 0
27 83 0
27 85 0
27 88 0
27 88 0
27 88 0
27 88 0
27 93 0
27 98 0
27 98 0
27 101 0
27 102 0
27 102 0
27 102 0
27 102 0
27 106 0
27 106 0
27 107 0
27 112 0
27 116 0
27 121 0
27 124 0
27 133 0
27 133 0
27 138 0
27 145 0
27 145 0
27 146 0
27 151 0
27 151 0
27 151 0
27 167 0
27 167 0
27 175 0
27 197 0
27 198 0
27 200 0
27 204 0
28 1 0
28 6 0
28 7 0
28 7 0
28 8 0
28 11 0
28 11 0
28 11 0
28 11 0
28 18 0
28 21 0
28 24 0
28 25 0
28 25 0
28 25 0
28 28 0
28 28 0
28 28 0
28 30 0
28 31 0
28 37 0
28 37 0
28 37 0
28 37 0
28 40 0
28 40 0
28 42 0
28 47 0
28 52 0
28 54 0
28 56 0
28 62 0
28 63 0
28 67 0
28 67 0
28 72 0
28 73 0
28 82 0
28 88 0
28 90 0
28 90 0
28 90 0
28 100 0
28 101 0
28 102 0
28 106 0
28 106 0
28 107 0
28 107 0
28 107 0
28 107 0
28 108 0
28 111 0
28 147 0
28 163 0
28 169 0
28 171 0
28 174 0
28 175 0
28 175 0
28 179 0
28 191 0
28 191 0
28 196 0
29 1 0
29 20 0
29 23 0
29 27 0
29 29 0
29 29 0
29 32 0
29 32 0
29 35 0
29 35 0
29 36 0
29 37 0
29 50 0
29 50 0
29 52 0
29 59 0
29 61 0
29 74 0
29 74 0
29 87 0
29 90 0
29 106 0
29 108 0
29 111 0
29 116 0
29 116 0
29 120 0
29 128 0
29 133 0
29 133 0
29 146 0
29 152 0
29 160 0
29 160 0
29 160 0
29 166 0
29 191 0
29 191 0
29 194 0
29 194 0
30 27 0
30 29 0
30 30 0
30 33 0
30 41 0
30 50 0
30 54 0
30 60 0
30 83 0
30 86 0
30 100 0
30 108 0
30 111 0
30 113 0
30 132 0
30 141 0
30 144 0
30 145 0
30 163 0
30 166 0
30 194 0
31 1 0
31 5 0
31 6 0
31 9 0
31 9 0
31 11 0
31 11 0
31 27 0
31 31 0
31 31 0
31 37 0
31 38 0
31 39 0
31 41 0
31 42 0
31 49 0
31 50 0
31 51 0
31 53 0
31 62 0
31 62 0
31 67 0
31 77 0
31 82 0
31 85 0
31 90 0
31 90 0
31 92 0
31 102 0
31 102 0
31 103 0
31 106 0
31 108 0
31 114 0
31 117 0
31 117 0
31 120 0
31 133 0
31 138 0
31 142 0
31 150 0
31 155 0
31 173 0
31 188 0
31 191 0
31 202 0
32 7 0
32 10 0
32 18 0
32 18 0
32 23 0
32 26 0
32 27 0
32 32 0
32 36 0
32 37 0
32 47 0
32 47 0
32 47 0
32 56 0
32 56 0
32 60 0
32 60 0
32 69 0
32 86 0
32 86 0
32 87 0
32 88 0
32 89 0
32 102 0
32 106 0
32 118 0
32 120 0
32 128 0
32 131 0
32 142 0
32 145 0
32 157 0
32 164 0
32 183 0
32 185 0
32 187 0
32 191 0
33 7 0
33 20 0
33 21 0
33 54 0
33 63 0
33 98 0
33 104 0
33 155 0
33 161 0
34 7 0
34 25 0
34 29 0
34 34 0
34 36 0
34 36 0
34 43 0
34 44 0
34 50 0
34 52 0
34 62 0
34 63 0
34 63 0
34 74 0
34 77 0
34 80 0
34 85 0
34 87 0
34 88 0
34 88 0
34 117 0
34 117 0
34 124 0
34 124 0
34 128 0
34 135 0
34 138 0
34 160 0
34 160 0
34 162 0
34 167 0
34 176 0
34 195 0
35 8 0
35 12 0
35 21 0
35 27 0
35 29 0
35 30 0
35 31 0
35 32 0
35 35 0
35 35 0
35 36 0
35 36 0
35 36 0
35 39 0
35 41 0
35 42 0
35 42 0
35 48 0
35 48 0
35 50 0
35 51 0
35 51 0
35 54 0
35 55 0
35 57 0
35 59 0
35 60 0
35 61 0
35 63 0
35 66 0
35 72 0
35 73 0
35 74 0
35 74 0
35 75 0
35 75 0
35 80 0
35 82 0
35 84 0
35 87 0
35 87 0
35 89 0
35 89 0
35 89 0
35 92 0
35 93 0
35 94 0
35 96 0
35 97 0
35 98 0
35 102 0
35 102 0
35 104 0
35 105 0
35 106 0
35 106 0
35 106 0
35 106 0
35 108 0
35 109 0
35 109 0
35 113 0
35 115 0
35 115 0
35 116 0
35 118 0
35 120 0
35 120 0
35 120 0
35 120 0
35 125 0
35 125 0
35 125 0
35 133 0
35 142 0
35 145 0
35 145 0
35 146 0
35 151 0
35 155 0
35 155 0
35 157 0
35 163 0
35 165 0
35 166 0
35 167 0
35 169 0
35 169 0
35 174 0
35 178 0
35 181 0
35 181 0
35 190 0
35 190 0
35 191 0
35 191 0
35 193 0
35 200 0
35 205 0
36 3 0
36 6 0
36 11 0
36 28 0
36 34 0
36 35 0
36 36 0
36 36 0
36 37 0
36 38 0
36 41 0
36 44 0
36 46 0
36 49 0
36 53 0
36 53 0
36 53 0
36 54 0
36 54 0
36 60 0
36 62 0
36 67 0
36 67 0
36 74 0
36 75 0
36 81 0
36 83 0
36 85 0
36 87 0
36 87 0
36 87 0
36 88 0
36 88 0
36 94 0
36 94 0
36 102 0
36 102 0
36 103 0
36 106 0
36 108 0
36 109 0
36 110 0
36 112 0
36 115 0
36 117 0
36 118 0
36 120 0
36 123 0
36 128 0
36 130 0
36 130 0
36 132 0
36 141 0
36 141 0
36 145 0
36 148 0
36 162 0
36 166 0
36 186 0
36 192 0
36 194 0
36 204 0
36 205 0
37 2 0
37 7 0
37 7 0
37 10 0
37 11 0
37 14 0
37 21 0
37 23 0
37 27 0
37 29 0
37 31 0
37 35 0
37 37 0
37 37 0
37 37 0
37 37 0
37 37 0
37 37 0
37 38 0
37 40 0
37 40 0
37 42 0
37 42 0
37 45 0
37 49 0
37 50 0
37 52 0
37 52 0
37 52 0
37 53 0
37 53 0
37 55 0
37 60 0
37 66 0
37 70 0
37 74 0
37 74 0
37 74 0
37 80 0
37 80 0
37 88 0
37 89 0
37 89 0
37 97 0
37 98 0
37 100 0
37 102 0
37 106 0
37 106 0
37 106 0
37 111 0
37 112 0
37 113 0
37 116 0
37 124 0
37 125 0
37 125 0
37 125 0
37 125 0
37 128 0
37 135 0
37 148 0
37 152 0
37 152 0
37 152 0
37 152 0
37 155 0
37 163 0
37 173 0
37 185 0
37 186 0
37 204 0
38 21 0
38 25 0
38 25 0
38 28 0
38 41 0
38 49 0
38 51 0
38 55 0
38 57 0
38 59 0
38 64 0
38 64 0
38 64 0
38 65 0
38 70 0
38 70 0
38 75 0
38 76 0
38 82 0
38 87 0
38 96 0
38 97 0
38 98 0
38 99 0
38 106 0
38 108 0
38 108 0
38 115 0
38 124 0
38 125 0
38 131 0
38 152 0
38 196 0
39 34 0
39 35 0
39 39 0
39 39 0
39 44 0
39 51 0
39 56 0
39 70 0
39 73 0
39 74 0
39 77 0
39 82 0
39 102 0
39 131 0
39 134 0
39 134 0
39 141 0
39 158 0
39 177 0
39 186 0
39 190 0
39 191 0
40 5 0
40 26 0
40 26 0
40 31 0
40 34 0
40 35 0
40 35 0
40 37 0
40 40 0
40 40 0
40 40 0
40 40 0
40 47 0
40 51 0
40 52 0
40 61 0
40 61 0
40 70 0
40 72 0
40 72 0
40 72 0
40 74 0
40 74 0
40 74 0
40 75 0
40 82 0
40 85 0
40 85 0
40 97 0
40 100 0
40 109 0
40 115 0
40 115 0
40 120 0
40 120 0
40 125 0
40 130 0
40 137 0
40 142 0
40 150 0
40 159 0
40 167 0
40 178 0
40 180 0
40 189 0
40 191 0
40 197 0
41 7 0
41 11 0
41 15 0
41 21 0
41 31 0
41 31 0
41 32 0
41 33 0
41 35 0
41 35 0
41 37 0
41 40 0
41 40 0
41 41 0
41 41 0
41 54 0
41 54 0
41 54 0
41 54 0
41 55 0
41 62 0
41 66 0
41 67 0
41 72 0
41 72 0
41 75 0
41 75 0
41 75 0
41 81 0
41 84 0
41 90 0
41 90 0
41 96 0
41 100 0
41 102 0
41 105 0
41 105 0
41 106 0
41 109 0
41 109 0
41 113 0
41 116 0
41 116 0
41 120 0
41 123 0
41 123 0
41 124 0
41 124 0
41 131 0
41 131 0
41 133 0
41 133 0
41 138 0
41 140 0
41 142 0
41 145 0
41 146 0
41 153 0
41 157 0
41 160 0
41 160 0
41 164 0
41 169 0
41 173 0
41 173 0
41 175 0
41 188 0
41 204 0
42 24 0
42 37 0
42 40 0
42 42 0
42 43 0
42 44 0
42 54 0
42 67 0
42 67 0
42 71 0
42 72 0
42 76 0
42 77 0
42 81 0
42 85 0
42 98 0
42 98 0
42 100 0
42 102 0
42 110 0
42 112 0
42 120 0
42 139 0
42 167 0
42 174 0
42 175 0
42 191 0
42 191 0
42 191 0
42 191 0
42 191 0
42 191 0
42 192 0
42 205 0
43 7 0
43 25 0
43 37 0
43 43 0
43 43 0
43 54 0
43 54 0
43 61 0
43 83 0
43 86 0
43 116 0
43 118 0
43 128 0
43 131 0
43 142 0
43 163 0
43 163 0
43 179 0
43 180 0
43 196 0
43 200 0
43 205 0
44 2 0
44 7 0
44 7 0
44 7 0
44 7 0
44 27 0
44 34 0
44 44 0
44 46 0
44 46 0
44 54 0
44 56 0
44 60 0
44 62 0
44 72 0
44 74 0
44 75 0
44 80 0
44 84 0
44 88 0
44 88 0
44 104 0
44 105 0
44 105 0
44 108 0
44 108 0
44 113 0
44 119 0
44 131 0
44 153 0
44 160 0
44 163 0
44 169 0
44 169 0
44 174 0
44 186 0
44 201 0
45 12 0
45 35 0
45 50 0
45 81 0
45 98 0
45 124 0
45 136 0
45 154 0
45 161 0
45 161 0
45 175 0
46 6 0
46 46 0
46 46 0
46 50 0
46 55 0
46 55 0
46 55 0
46 57 0
46 57 0
46 65 0
46 66 0
46 66 0
46 66 0
46 66 0
46 74 0
46 76 0
46 77 0
46 77 0
46 80 0
46 91 0
46 91 0
46 91 0
46 91 0
46 91 0
46 93 0
46 93 0
46 95 0
46 95 0
46 99 0
46 119 0
46 120 0
46 126 0
46 126 0
46 126 0
46 129 0
46 129 0
46 129 0
46 129 0
46 129 0
46 129 0
46 139 0
46 140 0
46 140 0
46 143 0
46 144 0
46 187 0
46 189 0
46 189 0
46 192 0
47 57 0
47 66 0
47 77 0
47 107 0
47 111 0
47 132 0
47 143 0
47 147 0
48 7 0
48 27 0
48 40 0
48 48 0
48 48 0
48 48 0
48 48 0
48 50 0
48 50 0
48 83 0
48 98 0
48 104 0
48 104 0
48 106 0
48 106 0
48 111 0
48 118 0
48 119 0
48 123 0
48 152 0
48 165 0
48 173 0
48 191 0
48 194 0
49 7 0
49 22 0
49 35 0
49 49 0
49 62 0
49 77 0
49 87 0
49 103 0
49 106 0
49 111 0
49 120 0
49 120 0
49 120 0
49 148 0
49 148 0
49 155 0
49 165 0
49 171 0
49 175 0
49 175 0
49 183 0
49 197 0
50 2 0
50 9 0
50 17 0
50 25 0
50 29 0
50 41 0
50 50 0
50 50 0
50 50 0
50 50 0
50 50 0
50 50 0
50 51 0
50 73 0
50 74 0
50 75 0
50 80 0
50 83 0
50 105 0
50 105 0
50 106 0
50 118 0
50 128 0
50 139 0
50 169 0
50 181 0
50 181 0
50 181 0
50 181 0
50 190 0
50 190 0
51 10 0
51 41 0
51 46 0
51 49 0
51 56 0
51 62 0
51 73 0
51 85 0
51 91 0
51 100 0
51 107 0
51 120 0
51 120 0
51 128 0
51 153 0
51 177 0
51 183 0
52 41 0
52 71 0
52 72 0
52 73 0
52 77 0
52 81 0
52 85 0
52 88 0
52 92 0
52 97 0
52 109 0
52 110 0
52 113 0
52 123 0
52 123 0
52 123 0
52 123 0
52 128 0
52 131 0
52 134 0
52 137 0
52 152 0
52 153 0
52 160 0
52 161 0
52 162 0
52 163 0
52 170 0
52 178 0
52 191 0
52 204 0
53 53 0
53 54 0
53 106 0
53 120 0
53 149 0
54 35 0
54 44 0
54 86 0
54 89 0
54 90 0
54 92 0
54 108 0
54 109 0
54 110 0
54 112 0
54 118 0
54 138 0
54 150 0
54 155 0
54 156 0
54 160 0
54 169 0
54 173 0
54 173 0
54 173 0
54 176 0
54 176 0
55 1 0
55 3 0
55 18 0
55 22 0
55 37 0
55 46 0
55 55 0
55 55 0
55 55 0
55 55 0
55 55 0
55 55 0
55 55 0
55 55 0
55 57 0
55 57 0
55 68 0
55 80 0
55 80 0
55 80 0
55 80 0
55 80 0
55 80 0
55 91 0
55 91 0
55 93 0
55 93 0
55 93 0
55 93 0
55 94 0
55 94 0
55 94 0
55 95 0
55 95 0
55 95 0
55 95 0
55 99 0
55 99 0
55 102 0
55 111 0
55 122 0
55 126 0
55 126 0
55 126 0
55 127 0
55 129 0
55 131 0
55 139 0
55 139 0
55 139 0
55 140 0
55 140 0
55 140 0
55 143 0
55 143 0
55 143 0
55 143 0
55 146 0
55 172 0
55 172 0
55 172 0
55 183 0
55 189 0
55 189 0
56 7 0
56 11 0
56 25 0
56 41 0
56 51 0
56 52 0
56 56 0
56 69 0
56 69 0
56 74 0
56 118 0
56 118 0
56 119 0
56 131 0
56 132 0
56 136 0
56 137 0
57 41 0
57 55 0
57 55 0
57 57 0
57 57 0
57 57 0
57 57 0
57 57 0
57 65 0
57 66 0
57 66 0
57 78 0
57 80 0
57 94 0
57 94 0
57 95 0
57 95 0
57 95 0
57 99 0
57 99 0
57 136 0
57 140 0
57 146 0
57 151 0
57 171 0
57 172 0
57 189 0
57 204 0
58 52 0
58 100 0
58 201 0
58 201 0
59 37 0
59 59 0
59 80 0
59 88 0
59 90 0
59 92 0
59 106 0
59 111 0
59 130 0
59 141 0
59 148 0
59 155 0
59 156 0
59 157 0
59 187 0
59 187 0
59 188 0
60 32 0
60 59 0
60 67 0
60 88 0
60 88 0
60 130 0
61 57 0
61 58 0
61 61 0
61 74 0
61 85 0
61 88 0
61 109 0
61 125 0
61 128 0
61 141 0
61 141 0
61 184 0
61 203 0
62 61 0
62 74 0
62 86 0
62 105 0
62 131 0
62 146 0
63 48 0
63 54 0
63 85 0
63 88 0
63 88 0
63 128 0
63 144 0
63 149 0
63 169 0
63 184 0
63 185 0
63 199 0
64 64 0
64 92 0
64 124 0
64 143 0
64 183 0
65 65 0
65 65 0
65 65 0
65 65 0
65 65 0
65 65 0
65 65 0
65 65 0
65 65 0
65 65 0
65 65 0
65 65 0
65 65 0
65 66 0
65 80 0
65 94 0
65 99 0
65 99 0
65 140 0
65 151 0
65 191 0
65 205 0
66 39 0
66 55 0
66 66 0
66 80 0
66 87 0
66 91 0
66 91 0
66 104 0
66 127 0
66 127 0
66 127 0
66 129 0
66 129 0
66 139 0
66 139 0
66 189 0
66 189 0
67 11 0
67 42 0
67 67 0
67 97 0
67 108 0
67 109 0
67 117 0
67 131 0
67 151 0
67 152 0
67 191 0
67 191 0
68 68 0
68 90 0
68 102 0
68 105 0
68 117 0
68 123 0
68 160 0
68 163 0
68 195 0
68 201 0
69 6 0
69 24 0
69 25 0
69 70 0
69 87 0
69 114 0
69 165 0
69 165 0
70 4 0
70 83 0
70 100 0
70 104 0
70 108 0
70 111 0
70 112 0
70 124 0
70 132 0
70 143 0
70 172 0
70 173 0
70 192 0
70 197 0
70 201 0
70 203 0
71 10 0
71 71 0
71 71 0
71 80 0
71 85 0
71 110 0
71 125 0
71 138 0
71 188 0
71 199 0
71 205 0
72 52 0
72 85 0
72 85 0
72 88 0
72 98 0
72 105 0
72 109 0
72 149 0
72 155 0
72 158 0
72 160 0
72 184 0
72 186 0
72 193 0
72 194 0
72 198 0
72 203 0
72 205 0
73 56 0
73 71 0
73 73 0
73 94 0
73 108 0
73 113 0
73 169 0
73 177 0
73 183 0
73 197 0
74 37 0
74 37 0
74 52 0
74 69 0
74 74 0
74 74 0
74 74 0
74 74 0
74 81 0
74 88 0
74 88 0
74 98 0
74 98 0
74 105 0
74 113 0
74 128 0
74 133 0
74 160 0
74 160 0
74 160 0
74 163 0
74 163 0
74 194 0
74 196 0
74 196 0
74 198 0
75 44 0
75 48 0
75 70 0
75 75 0
75 75 0
75 85 0
75 92 0
75 92 0
75 92 0
75 96 0
75 100 0
75 115 0
75 156 0
75 162 0
75 176 0
75 176 0
75 186 0
75 192 0
75 195 0
75 196 0
75 201 0
76 7 0
76 115 0
76 130 0
76 135 0
76 146 0
76 182 0
76 201 0
77 56 0
77 61 0
77 75 0
77 85 0
77 114 0
77 148 0
77 167 0
77 171 0
77 195 0
78 65 0
78 78 0
78 189 0
78 198 0
79 65 0
79 140 0
79 200 0
80 21 0
80 35 0
80 55 0
80 55 0
80 59 0
80 59 0
80 66 0
80 80 0
80 91 0
80 91 0
80 91 0
80 92 0
80 95 0
80 117 0
80 126 0
80 139 0
80 143 0
80 148 0
80 151 0
80 167 0
80 189 0
80 189 0
81 81 0
81 81 0
81 88 0
81 106 0
81 116 0
81 145 0
81 148 0
81 159 0
81 194 0
81 200 0
82 45 0
82 57 0
82 82 0
82 82 0
82 153 0
82 182 0
82 182 0
82 184 0
82 196 0
82 201 0
83 10 0
83 36 0
83 40 0
83 96 0
83 106 0
83 112 0
83 119 0
83 146 0
83 169 0
83 176 0
83 179 0
83 187 0
83 189 0
83 205 0
84 71 0
84 79 0
84 84 0
84 84 0
84 84 0
84 126 0
85 77 0
85 89 0
85 89 0
85 103 0
85 103 0
85 103 0
85 117 0
85 128 0
85 147 0
85 150 0
85 157 0
85 178 0
85 179 0
85 186 0
85 190 0
85 191 0
85 192 0
85 205 0
85 205 0
85 205 0
86 63 0
86 63 0
86 86 0
86 111 0
86 160 0
86 160 0
86 168 0
86 169 0
86 170 0
86 180 0
86 196 0
86 204 0
87 87 0
87 106 0
87 125 0
87 131 0
87 155 0
87 157 0
87 178 0
87 183 0
87 183 0
87 185 0
88 11 0
88 40 0
88 74 0
88 89 0
88 102 0
88 108 0
88 112 0
88 115 0
88 116 0
88 118 0
88 118 0
88 148 0
88 178 0
88 186 0
89 73 0
89 75 0
89 80 0
89 86 0
89 89 0
89 120 0
89 160 0
89 160 0
89 173 0
89 176 0
89 191 0
90 60 0
90 63 0
90 67 0
90 72 0
90 90 0
90 134 0
90 134 0
90 134 0
90 168 0
90 168 0
90 173 0
90 174 0
90 188 0
90 188 0
90 191 0
90 191 0
90 193 0
90 200 0
90 205 0
91 55 0
91 55 0
91 91 0
91 91 0
91 91 0
91 91 0
91 94 0
91 99 0
91 126 0
91 126 0
91 129 0
91 136 0
91 139 0
92 40 0
92 51 0
92 106 0
92 107 0
92 118 0
92 130 0
92 153 0
92 162 0
92 165 0
92 186 0
92 195 0
92 198 0
92 198 0
93 55 0
93 93 0
93 93 0
93 93 0
93 128 0
93 129 0
93 129 0
93 143 0
93 143 0
93 143 0
93 143 0
93 168 0
93 172 0
93 178 0
94 94 0
94 94 0
94 94 0
94 94 0
94 94 0
94 94 0
94 94 0
94 95 0
94 99 0
94 143 0
94 143 0
94 143 0
94 143 0
94 189 0
95 55 0
95 95 0
95 95 0
95 99 0
95 111 0
95 126 0
95 126 0
95 129 0
95 129 0
95 140 0
95 172 0
95 200 0
96 57 0
96 88 0
96 101 0
96 193 0
97 44 0
97 106 0
97 110 0
97 138 0
97 152 0
97 156 0
97 178 0
97 183 0
97 186 0
97 190 0
97 197 0
97 204 0
98 72 0
98 72 0
98 98 0
98 109 0
98 144 0
98 163 0
98 195 0
98 205 0
99 99 0
99 99 0
99 99 0
99 99 0
99 99 0
99 102 0
99 111 0
99 120 0
99 139 0
99 143 0
99 151 0
100 100 0
100 115 0
100 121 0
100 145 0
100 195 0
101 101 0
101 101 0
101 148 0
101 152 0
102 48 0
102 51 0
102 96 0
102 111 0
102 117 0
102 137 0
102 146 0
102 160 0
102 190 0
102 190 0
102 199 0
103 55 0
103 61 0
103 103 0
103 103 0
103 103 0
103 103 0
103 153 0
103 179 0
103 181 0
103 188 0
103 188 0
103 189 0
103 197 0
103 200 0
104 104 0
104 106 0
104 197 0
104 197 0
104 198 0
105 40 0
105 84 0
105 89 0
105 153 0
105 163 0
105 186 0
105 199 0
105 205 0
106 83 0
106 90 0
106 123 0
106 123 0
106 130 0
106 155 0
106 161 0
106 176 0
106 183 0
106 192 0
106 200 0
107 62 0
107 74 0
108 102 0
108 108 0
108 136 0
108 152 0
109 43 0
109 93 0
109 159 0
109 162 0
110 77 0
110 179 0
110 188 0
111 28 0
111 46 0
111 56 0
111 68 0
111 75 0
111 111 0
111 111 0
111 111 0
111 111 0
111 111 0
111 117 0
111 117 0
111 145 0
111 145 0
111 154 0
111 158 0
111 166 0
111 166 0
111 175 0
111 191 0
111 194 0
111 196 0
111 203 0
112 128 0
112 140 0
112 140 0
112 163 0
112 170 0
112 178 0
112 183 0
112 186 0
112 191 0
112 201 0
113 113 0
113 153 0
113 166 0
113 185 0
114 132 0
115 133 0
115 141 0
115 153 0
116 137 0
116 174 0
117 75 0
117 111 0
117 111 0
117 117 0
117 139 0
117 193 0
118 92 0
118 132 0
118 134 0
118 166 0
118 171 0
118 177 0
118 177 0
118 178 0
118 190 0
118 199 0
118 205 0
119 83 0
120 18 0
120 98 0
120 160 0
120 173 0
120 177 0
120 187 0
120 192 0
120 195 0
120 203 0
121 121 0
121 175 0
121 201 0
123 123 0
123 125 0
123 138 0
123 163 0
123 171 0
123 176 0
123 176 0
123 183 0
123 189 0
123 196 0
124 9 0
124 124 0
124 124 0
124 167 0
125 107 0
125 177 0
125 181 0
125 190 0
125 197 0
126 55 0
126 55 0
126 91 0
126 95 0
126 126 0
126 126 0
126 126 0
126 126 0
126 126 0
126 126 0
126 126 0
126 139 0
126 172 0
127 66 0
127 127 0
127 127 0
127 127 0
127 151 0
127 189 0
128 7 0
128 61 0
128 82 0
128 123 0
128 128 0
128 128 0
128 141 0
128 162 0
128 177 0
128 187 0
128 192 0
128 197 0
128 197 0
128 197 0
129 120 0
129 172 0
130 130 0
130 130 0
130 130 0
130 130 0
130 153 0
130 167 0
130 198 0
131 90 0
131 131 0
132 97 0
132 170 0
133 133 0
133 167 0
133 191 0
134 112 0
134 191 0
135 135 0
136 152 0
136 195 0
137 137 0
137 137 0
137 147 0
137 192 0
137 197 0
137 202 0
138 89 0
139 57 0
139 80 0
139 91 0
139 139 0
139 172 0
139 172 0
139 172 0
139 189 0
139 189 0
139 189 0
139 198 0
140 90 0
140 103 0
140 139 0
140 140 0
140 140 0
140 140 0
140 140 0
140 191 0
140 205 0
141 102 0
141 141 0
141 174 0
142 160 0
142 196 0
142 196 0
143 140 0
143 143 0
143 143 0
143 143 0
143 143 0
143 203 0
144 193 0
145 163 0
145 190 0
145 199 0
146 146 0
146 168 0
146 204 0
147 50 0
147 178 0
148 148 0
148 153 0
150 147 0
150 187 0
150 203 0
151 140 0
151 151 0
152 37 0
152 74 0
152 178 0
153 97 0
153 153 0
153 153 0
153 153 0
153 164 0
153 183 0
153 183 0
153 192 0
153 193 0
154 42 0
154 154 0
155 155 0
155 164 0
155 185 0
155 192 0
155 193 0
155 193 0
155 195 0
156 57 0
156 118 0
156 156 0
156 198 0
158 158 0
160 29 0
160 86 0
160 128 0
160 155 0
160 160 0
160 203 0
160 204 0
162 163 0
163 150 0
163 154 0
163 160 0
163 184 0
163 202 0
164 156 0
164 164 0
164 199 0
166 38 0
166 166 0
166 166 0
166 166 0
166 166 0
166 188 0
167 111 0
167 167 0
167 167 0
167 182 0
168 167 0
170 180 0
171 190 0
172 126 0
172 142 0
172 172 0
172 172 0
172 172 0
173 204 0
174 174 0
174 174 0
174 205 0
176 176 0
176 176 0
176 176 0
176 205 0
177 128 0
177 177 0
178 105 0
178 178 0
178 204 0
179 179 0
179 179 0
180 180 0
181 181 0
181 181 0
181 181 0
181 181 0
181 181 0
181 181 0
181 181 0
181 181 0
181 190 0
183 156 0
187 202 0
188 90 0
188 188 0
188 188 0
189 127 0
189 189 0
190 118 0
190 181 0
191 191 0
191 191 0
191 191 0
191 201 0
192 194 0
193 193 0
193 193 0
193 193 0
193 193 0
193 193 0
193 193 0
193 193 0
193 193 0
193 193 0
193 193 0
193 200 0
194 194 0
198 198 0
200 200 0
204 204 0
204 204 0
206 1 0
206 1 0
206 1 0
206 1 0
206 1 0
206 2 0
206 2 0
206 2 0
206 2 0
206 3 0
206 3 0
206 3 0
206 3 0
206 3 0
206 3 0
206 4 0
206 4 0
206 4 0
206 5 0
206 6 0
206 6 0
206 6 0
206 6 0
206 6 0
206 6 0
206 6 0
206 6 0
206 7 0
206 7 0
206 7 0
206 7 0
206 7 0
206 7 0
206 7 0
206 8 0
206 8 0
206 10 0
206 10 0
206 11 0
206 11 0
206 11 0
206 11 0
206 11 0
206 11 0
206 11 0
206 11 0
206 11 0
206 12 0
206 12 0
206 12 0
206 12 0
206 13 0
206 14 0
206 15 0
206 15 0
206 16 0
206 16 0
206 16 0
206 16 0
206 16 0
206 16 0
206 16 0
206 17 0
206 17 0
206 17 0
206 17 0
206 18 0
206 18 0
206 19 0
206 19 0
206 19 0
206 19 0
206 19 0
206 20 0
206 20 0
206 20 0
206 20 0
206 20 0
206 21 0
206 21 0
206 21 0
206 22 0
206 23 0
206 23 0
206 24 0
206 24 0
206 24 0
206 25 0
206 25 0
206 26 0
206 26 0
206 26 0
206 27 0
206 30 0
206 30 0
206 31 0
206 31 0
206 31 0
206 31 0
206 32 0
206 32 0
206 32 0
206 32 0
206 32 0
206 32 0
206 32 0
206 33 0
206 34 0
206 35 0
206 35 0
206 35 0
206 35 0
206 35 0
206 35 0
206 35 0
206 35 0
206 36 0
206 36 0
206 37 0
206 37 0
206 37 0
206 37 0
206 37 0
206 37 0
206 37 0
206 37 0
206 37 0
206 38 0
206 38 0
206 38 0
206 38 0
206 39 0
206 39 0
206 40 0
206 40 0
206 40 0
206 41 0
206 41 0
206 45 0
206 45 0
206 45 0
206 46 0
206 46 0
206 46 0
206 46 0
206 46 0
206 46 0
206 46 0
206 46 0
206 46 0
206 46 0
206 47 0
206 49 0
206 49 0
206 49 0
206 50 0
206 50 0
206 50 0
206 51 0
206 51 0
206 51 0
206 51 0
206 51 0
206 52 0
206 52 0
206 52 0
206 52 0
206 52 0
206 53 0
206 53 0
206 53 0
206 53 0
206 53 0
206 53 0
206 53 0
206 53 0
206 55 0
206 55 0
206 55 0
206 55 0
206 55 0
206 55 0
206 56 0
206 56 0
206 56 0
206 57 0
206 57 0
206 57 0
206 57 0
206 57 0
206 58 0
206 58 0
206 58 0
206 58 0
206 59 0
206 60 0
206 61 0
206 61 0
206 61 0
206 62 0
206 62 0
206 62 0
206 63 0
206 63 0
206 64 0
206 64 0
206 65 0
206 65 0
206 65 0
206 65 0
206 65 0
206 65 0
206 65 0
206 65 0
206 65 0
206 65 0
206 65 0
206 66 0
206 66 0
206 66 0
206 66 0
206 66 0
206 66 0
206 66 0
206 66 0
206 66 0
206 66 0
206 66 0
206 67 0
206 67 0
206 68 0
206 68 0
206 70 0
206 70 0
206 70 0
206 70 0
206 70 0
206 71 0
206 72 0
206 72 0
206 72 0
206 74 0
206 74 0
206 74 0
206 74 0
206 74 0
206 74 0
206 75 0
206 75 0
206 75 0
206 76 0
206 76 0
206 76 0
206 78 0
206 78 0
206 78 0
206 78 0
206 78 0
206 78 0
206 78 0
206 78 0
206 78 0
206 78 0
206 79 0
206 80 0
206 80 0
206 80 0
206 80 0
206 80 0
206 80 0
206 80 0
206 80 0
206 81 0
206 81 0
206 82 0
206 83 0
206 83 0
206 84 0
206 84 0
206 84 0
206 85 0
206 85 0
206 85 0
206 87 0
206 88 0
206 88 0
206 88 0
206 89 0
206 89 0
206 90 0
206 90 0
206 91 0
206 91 0
206 91 0
206 91 0
206 91 0
206 91 0
206 91 0
206 91 0
206 91 0
206 91 0
206 91 0
206 92 0
206 92 0
206 92 0
206 93 0
206 93 0
206 93 0
206 93 0
206 93 0
206 93 0
206 93 0
206 94 0
206 94 0
206 94 0
206 94 0
206 94 0
206 94 0
206 95 0
206 95 0
206 95 0
206 95 0
206 95 0
206 95 0
206 95 0
206 95 0
206 95 0
206 96 0
206 97 0
206 97 0
206 97 0
206 97 0
206 98 0
206 98 0
206 98 0
206 98 0
206 99 0
206 99 0
206 99 0
206 99 0
206 99 0
206 99 0
206 99 0
206 99 0
206 99 0
206 99 0
206 99 0
206 99 0
206 99 0
206 99 0
206 100 0
206 100 0
206 101 0
206 102 0
206 102 0
206 103 0
206 103 0
206 105 0
206 106 0
206 107 0
206 107 0
206 107 0
206 109 0
206 109 0
206 109 0
206 110 0
206 110 0
206 110 0
206 111 0
206 111 0
206 111 0
206 111 0
206 111 0
206 111 0
206 111 0
206 111 0
206 111 0
206 111 0
206 111 0
206 112 0
206 112 0
206 113 0
206 113 0
206 114 0
206 114 0
206 115 0
206 115 0
206 115 0
206 115 0
206 115 0
206 115 0
206 116 0
206 116 0
206 116 0
206 116 0
206 117 0
206 117 0
206 118 0
206 118 0
206 118 0
206 119 0
206 119 0
206 120 0
206 120 0
206 120 0
206 120 0
206 120 0
206 120 0
206 120 0
206 120 0
206 121 0
206 122 0
206 122 0
206 123 0
206 124 0
206 124 0
206 125 0
206 126 0
206 126 0
206 127 0
206 127 0
206 127 0
206 127 0
206 127 0
206 127 0
206 128 0
206 128 0
206 128 0
206 129 0
206 129 0
206 130 0
206 131 0
206 131 0
206 133 0
206 133 0
206 133 0
206 134 0
206 134 0
206 134 0
206 134 0
206 134 0
206 135 0
206 137 0
206 137 0
206 138 0
206 139 0
206 139 0
206 139 0
206 139 0
206 139 0
206 140 0
206 140 0
206 140 0
206 140 0
206 140 0
206 140 0
206 140 0
206 140 0
206 140 0
206 140 0
206 140 0
206 140 0
206 140 0
206 140 0
206 141 0
206 141 0
206 142 0
206 142 0
206 142 0
206 143 0
206 143 0
206 143 0
206 143 0
206 143 0
206 143 0
206 143 0
206 143 0
206 143 0
206 143 0
206 144 0
206 144 0
206 144 0
206 144 0
206 144 0
206 144 0
206 144 0
206 145 0
206 146 0
206 146 0
206 147 0
206 147 0
206 147 0
206 147 0
206 148 0
206 148 0
206 149 0
206 149 0
206 149 0
206 149 0
206 149 0
206 149 0
206 151 0
206 151 0
206 151 0
206 151 0
206 151 0
206 151 0
206 152 0
206 152 0
206 152 0
206 152 0
206 155 0
206 155 0
206 155 0
206 155 0
206 156 0
206 156 0
206 156 0
206 157 0
206 158 0
206 159 0
206 160 0
206 162 0
206 162 0
206 163 0
206 163 0
206 163 0
206 163 0
206 164 0
206 166 0
206 166 0
206 166 0
206 166 0
206 166 0
206 166 0
206 166 0
206 167 0
206 167 0
206 169 0
206 170 0
206 171 0
206 172 0
206 172 0
206 173 0
206 173 0
206 173 0
206 173 0
206 174 0
206 174 0
206 175 0
206 175 0
206 175 0
206 175 0
206 175 0
206 177 0
206 178 0
206 178 0
206 178 0
206 183 0
206 183 0
206 183 0
206 184 0
206 186 0
206 186 0
206 187 0
206 187 0
206 188 0
206 188 0
206 189 0
206 189 0
206 189 0
206 189 0
206 189 0
206 189 0
206 191 0
206 191 0
206 191 0
206 191 0
206 191 0
206 192 0
206 192 0
206 193 0
206 194 0
206 196 0
206 196 0
206 198 0
206 198 0
206 198 0
206 198 0
206 199 0
206 200 0
206 200 0
206 200 0
206 200 0
206 201 0
206 201 0
206 203 0
206 205 0
206 205 0
206 205 0
