1 1 0
1 1 0
1 1 0
1 1 0
1 1 0
1 1 0
1 1 0
1 1 0
1 1 0
1 2 0
1 2 0
1 2 0
1 3 0
1 3 0
1 3 0
1 3 0
1 3 0
1 3 0
1 3 0
1 3 0
1 3 0
1 3 0
1 4 0
1 4 0
1 4 0
1 4 0
1 4 0
1 4 0
1 4 0
1 4 0
1 5 0
1 5 0
1 5 0
1 5 0
1 5 0
1 5 0
1 5 0
1 5 0
1 5 0
1 5 0
1 6 0
1 6 0
1 6 0
1 6 0
1 6 0
1 7 0
1 7 0
1 7 0
1 7 0
1 7 0
1 7 0
1 7 0
1 7 0
1 7 0
1 7 0
1 7 0
1 7 0
1 7 0
1 7 0
1 7 0
1 7 0
1 8 0
1 8 0
1 8 0
1 9 0
1 9 0
1 10 0
1 10 0
1 10 0
1 10 0
1 10 0
1 10 0
1 10 0
1 10 0
1 11 0
1 12 0
1 12 0
1 12 0
1 12 0
1 12 0
1 12 0
1 12 0
1 12 0
1 12 0
1 13 0
1 13 0
1 13 0
1 13 0
1 14 0
1 14 0
1 14 0
1 14 0
1 14 0
1 14 0
1 14 0
1 14 0
1 15 0
1 15 0
1 15 0
1 15 0
1 15 0
1 16 0
1 16 0
1 16 0
1 16 0
1 16 0
1 16 0
1 16 0
1 17 0
1 18 0
1 19 0
1 20 0
1 20 0
1 20 0
1 20 0
1 20 0
1 21 0
1 21 0
1 22 0
1 23 0
1 23 0
1 23 0
1 23 0
1 24 0
1 24 0
1 24 0
1 24 0
1 25 0
1 25 0
1 25 0
1 25 0
1 26 0
1 26 0
1 26 0
1 26 0
1 26 0
1 27 0
1 27 0
1 27 0
1 28 0
1 28 0
1 28 0
1 28 0
1 28 0
1 28 0
1 28 0
1 30 0
1 31 0
1 31 0
1 32 0
1 32 0
1 32 0
1 33 0
1 33 0
1 33 0
1 33 0
1 33 0
1 34 0
1 34 0
1 34 0
1 34 0
1 34 0
1 35 0
1 35 0
1 36 0
1 36 0
1 37 0
1 38 0
1 39 0
1 40 0
1 40 0
1 40 0
1 40 0
1 40 0
1 40 0
1 40 0
1 42 0
1 42 0
1 42 0
1 42 0
1 43 0
1 43 0
1 43 0
1 44 0
1 45 0
1 45 0
1 46 0
1 46 0
1 47 0
1 47 0
1 47 0
1 47 0
1 47 0
1 47 0
1 47 0
1 48 0
1 48 0
1 48 0
1 49 0
1 49 0
1 49 0
1 50 0
1 50 0
1 51 0
1 52 0
1 52 0
1 52 0
1 52 0
1 53 0
1 53 0
1 53 0
1 53 0
1 53 0
1 54 0
1 54 0
1 55 0
1 55 0
1 56 0
1 57 0
1 57 0
1 58 0
1 59 0
1 60 0
1 60 0
1 62 0
1 63 0
1 63 0
1 63 0
1 63 0
1 63 0
1 64 0
1 64 0
1 64 0
1 65 0
1 65 0
1 65 0
1 68 0
1 68 0
1 68 0
1 69 0
1 72 0
1 72 0
1 73 0
1 73 0
1 74 0
1 74 0
1 75 0
1 75 0
1 75 0
1 76 0
1 77 0
1 77 0
1 77 0
1 77 0
1 77 0
1 77 0
1 77 0
1 78 0
1 78 0
1 80 0
1 81 0
1 81 0
1 81 0
1 82 0
1 83 0
1 83 0
1 83 0
1 85 0
1 87 0
1 87 0
1 87 0
1 87 0
1 89 0
1 89 0
1 90 0
1 90 0
1 91 0
1 92 0
1 92 0
1 93 0
1 94 0
1 94 0
1 94 0
1 94 0
1 94 0
1 94 0
1 94 0
1 94 0
1 94 0
1 96 0
1 100 0
1 101 0
1 102 0
1 102 0
1 102 0
1 102 0
1 102 0
1 104 0
1 104 0
1 106 0
1 108 0
1 110 0
1 110 0
1 111 0
1 111 0
1 112 0
1 114 0
1 119 0
1 120 0
1 121 0
1 121 0
1 122 0
1 122 0
1 126 0
1 130 0
1 131 0
1 135 0
1 135 0
1 136 0
1 136 0
1 137 0
1 142 0
1 143 0
1 144 0
2 1 0
2 1 0
2 1 0
2 1 0
2 2 0
2 2 0
2 2 0
2 2 0
2 2 0
2 2 0
2 2 0
2 2 0
2 3 0
2 4 0
2 4 0
2 4 0
2 4 0
2 4 0
2 4 0
2 4 0
2 4 0
2 4 0
2 4 0
2 4 0
2 4 0
2 5 0
2 6 0
2 6 0
2 6 0
2 6 0
2 6 0
2 6 0
2 6 0
2 7 0
2 7 0
2 7 0
2 7 0
2 7 0
2 7 0
2 7 0
2 7 0
2 8 0
2 9 0
2 10 0
2 10 0
2 10 0
2 10 0
2 10 0
2 11 0
2 11 0
2 11 0
2 11 0
2 11 0
2 12 0
2 12 0
2 12 0
2 12 0
2 12 0
2 13 0
2 13 0
2 13 0
2 13 0
2 13 0
2 13 0
2 14 0
2 14 0
2 14 0
2 14 0
2 14 0
2 14 0
2 14 0
2 14 0
2 14 0
2 15 0
2 15 0
2 15 0
2 15 0
2 15 0
2 15 0
2 16 0
2 16 0
2 17 0
2 17 0
2 18 0
2 19 0
2 19 0
2 19 0
2 19 0
2 19 0
2 19 0
2 19 0
2 20 0
2 20 0
2 20 0
2 21 0
2 21 0
2 21 0
2 21 0
2 21 0
2 21 0
2 21 0
2 21 0
2 22 0
2 22 0
2 22 0
2 22 0
2 22 0
2 23 0
2 23 0
2 23 0
2 23 0
2 23 0
2 24 0
2 24 0
2 24 0
2 24 0
2 24 0
2 24 0
2 25 0
2 25 0
2 25 0
2 25 0
2 25 0
2 25 0
2 25 0
2 25 0
2 25 0
2 25 0
2 26 0
2 26 0
2 27 0
2 27 0
2 29 0
2 29 0
2 29 0
2 29 0
2 29 0
2 29 0
2 29 0
2 29 0
2 29 0
2 29 0
2 30 0
2 30 0
2 31 0
2 31 0
2 31 0
2 32 0
2 32 0
2 32 0
2 32 0
2 32 0
2 32 0
2 33 0
2 33 0
2 33 0
2 33 0
2 33 0
2 33 0
2 34 0
2 35 0
2 35 0
2 36 0
2 36 0
2 37 0
2 38 0
2 38 0
2 38 0
2 40 0
2 40 0
2 41 0
2 41 0
2 42 0
2 42 0
2 42 0
2 42 0
2 45 0
2 48 0
2 48 0
2 50 0
2 50 0
2 51 0
2 52 0
2 52 0
2 52 0
2 53 0
2 53 0
2 53 0
2 53 0
2 54 0
2 54 0
2 54 0
2 54 0
2 54 0
2 54 0
2 54 0
2 54 0
2 55 0
2 55 0
2 55 0
2 56 0
2 57 0
2 57 0
2 57 0
2 57 0
2 57 0
2 57 0
2 58 0
2 58 0
2 58 0
2 60 0
2 60 0
2 62 0
2 62 0
2 64 0
2 65 0
2 65 0
2 66 0
2 67 0
2 67 0
2 69 0
2 70 0
2 70 0
2 71 0
2 71 0
2 71 0
2 72 0
2 73 0
2 73 0
2 73 0
2 75 0
2 75 0
2 75 0
2 75 0
2 75 0
2 75 0
2 75 0
2 76 0
2 76 0
2 77 0
2 77 0
2 79 0
2 80 0
2 81 0
2 81 0
2 81 0
2 81 0
2 83 0
2 83 0
2 84 0
2 84 0
2 84 0
2 84 0
2 85 0
2 85 0
2 85 0
2 85 0
2 88 0
2 89 0
2 92 0
2 92 0
2 94 0
2 94 0
2 94 0
2 94 0
2 94 0
2 96 0
2 97 0
2 97 0
2 101 0
2 104 0
2 104 0
2 105 0
2 105 0
2 105 0
2 106 0
2 106 0
2 110 0
2 112 0
2 112 0
2 114 0
2 115 0
2 118 0
2 119 0
2 120 0
2 120 0
2 121 0
2 121 0
2 122 0
2 122 0
2 122 0
2 126 0
2 126 0
2 126 0
2 126 0
2 127 0
2 129 0
2 130 0
2 131 0
2 141 0
2 141 0
2 142 0
2 142 0
2 142 0
2 142 0
2 142 0
2 143 0
3 1 0
3 1 0
3 1 0
3 2 0
3 2 0
3 2 0
3 2 0
3 3 0
3 3 0
3 3 0
3 3 0
3 3 0
3 3 0
3 3 0
3 3 0
3 4 0
3 4 0
3 4 0
3 5 0
3 5 0
3 5 0
3 5 0
3 5 0
3 5 0
3 5 0
3 5 0
3 6 0
3 7 0
3 7 0
3 7 0
3 8 0
3 8 0
3 9 0
3 10 0
3 10 0
3 11 0
3 11 0
3 11 0
3 11 0
3 11 0
3 11 0
3 12 0
3 12 0
3 12 0
3 12 0
3 12 0
3 12 0
3 13 0
3 13 0
3 13 0
3 13 0
3 13 0
3 13 0
3 14 0
3 14 0
3 14 0
3 14 0
3 15 0
3 16 0
3 16 0
3 16 0
3 16 0
3 17 0
3 17 0
3 17 0
3 17 0
3 17 0
3 17 0
3 17 0
3 19 0
3 19 0
3 19 0
3 19 0
3 20 0
3 20 0
3 20 0
3 21 0
3 22 0
3 22 0
3 22 0
3 23 0
3 23 0
3 23 0
3 24 0
3 24 0
3 25 0
3 25 0
3 25 0
3 25 0
3 26 0
3 26 0
3 26 0
3 26 0
3 27 0
3 27 0
3 27 0
3 27 0
3 27 0
3 27 0
3 27 0
3 28 0
3 28 0
3 29 0
3 29 0
3 30 0
3 30 0
3 30 0
3 30 0
3 31 0
3 31 0
3 32 0
3 32 0
3 32 0
3 33 0
3 33 0
3 33 0
3 33 0
3 33 0
3 33 0
3 33 0
3 35 0
3 37 0
3 37 0
3 37 0
3 37 0
3 37 0
3 37 0
3 38 0
3 38 0
3 38 0
3 38 0
3 40 0
3 40 0
3 41 0
3 42 0
3 44 0
3 44 0
3 44 0
3 44 0
3 49 0
3 50 0
3 50 0
3 51 0
3 51 0
3 51 0
3 52 0
3 52 0
3 52 0
3 52 0
3 52 0
3 52 0
3 52 0
3 53 0
3 53 0
3 54 0
3 54 0
3 55 0
3 55 0
3 55 0
3 56 0
3 56 0
3 57 0
3 57 0
3 57 0
3 57 0
3 59 0
3 59 0
3 60 0
3 60 0
3 61 0
3 61 0
3 61 0
3 63 0
3 63 0
3 63 0
3 64 0
3 65 0
3 67 0
3 67 0
3 68 0
3 68 0
3 69 0
3 69 0
3 69 0
3 69 0
3 69 0
3 72 0
3 78 0
3 78 0
3 80 0
3 81 0
3 81 0
3 81 0
3 81 0
3 81 0
3 81 0
3 81 0
3 82 0
3 83 0
3 84 0
3 84 0
3 85 0
3 85 0
3 87 0
3 89 0
3 90 0
3 91 0
3 92 0
3 92 0
3 92 0
3 92 0
3 93 0
3 94 0
3 94 0
3 96 0
3 97 0
3 97 0
3 97 0
3 99 0
3 101 0
3 102 0
3 102 0
3 102 0
3 106 0
3 106 0
3 110 0
3 112 0
3 112 0
3 112 0
3 116 0
3 116 0
3 118 0
3 119 0
3 119 0
3 119 0
3 123 0
3 126 0
3 126 0
3 128 0
3 132 0
3 133 0
3 136 0
3 137 0
3 141 0
3 142 0
3 142 0
4 1 0
4 1 0
4 2 0
4 2 0
4 3 0
4 3 0
4 3 0
4 3 0
4 3 0
4 3 0
4 3 0
4 4 0
4 4 0
4 4 0
4 4 0
4 4 0
4 4 0
4 5 0
4 5 0
4 6 0
4 6 0
4 6 0
4 6 0
4 7 0
4 7 0
4 7 0
4 7 0
4 7 0
4 9 0
4 10 0
4 10 0
4 11 0
4 11 0
4 11 0
4 12 0
4 12 0
4 12 0
4 12 0
4 12 0
4 12 0
4 12 0
4 12 0
4 13 0
4 13 0
4 13 0
4 13 0
4 13 0
4 13 0
4 13 0
4 14 0
4 14 0
4 15 0
4 15 0
4 17 0
4 17 0
4 18 0
4 18 0
4 18 0
4 18 0
4 19 0
4 19 0
4 21 0
4 21 0
4 22 0
4 22 0
4 23 0
4 23 0
4 23 0
4 23 0
4 23 0
4 24 0
4 24 0
4 24 0
4 25 0
4 25 0
4 25 0
4 26 0
4 26 0
4 26 0
4 27 0
4 29 0
4 31 0
4 31 0
4 31 0
4 33 0
4 34 0
4 35 0
4 36 0
4 37 0
4 38 0
4 38 0
4 38 0
4 38 0
4 39 0
4 40 0
4 43 0
4 43 0
4 43 0
4 44 0
4 44 0
4 47 0
4 48 0
4 48 0
4 48 0
4 49 0
4 49 0
4 49 0
4 50 0
4 52 0
4 52 0
4 52 0
4 53 0
4 53 0
4 53 0
4 53 0
4 53 0
4 54 0
4 54 0
4 55 0
4 55 0
4 57 0
4 57 0
4 57 0
4 58 0
4 60 0
4 60 0
4 61 0
4 62 0
4 63 0
4 65 0
4 67 0
4 68 0
4 68 0
4 68 0
4 68 0
4 69 0
4 72 0
4 73 0
4 75 0
4 76 0
4 77 0
4 77 0
4 78 0
4 80 0
4 81 0
4 81 0
4 82 0
4 82 0
4 85 0
4 87 0
4 88 0
4 89 0
4 89 0
4 90 0
4 91 0
4 94 0
4 94 0
4 96 0
4 97 0
4 100 0
4 101 0
4 102 0
4 102 0
4 104 0
4 104 0
4 105 0
4 114 0
4 117 0
4 117 0
4 119 0
4 119 0
4 119 0
4 121 0
4 122 0
4 122 0
4 126 0
4 127 0
4 127 0
4 129 0
4 129 0
4 136 0
4 136 0
4 142 0
4 142 0
5 1 0
5 2 0
5 2 0
5 2 0
5 2 0
5 3 0
5 3 0
5 3 0
5 4 0
5 4 0
5 5 0
5 5 0
5 5 0
5 6 0
5 6 0
5 6 0
5 6 0
5 7 0
5 7 0
5 7 0
5 7 0
5 7 0
5 7 0
5 8 0
5 9 0
5 9 0
5 9 0
5 9 0
5 10 0
5 11 0
5 12 0
5 12 0
5 12 0
5 12 0
5 12 0
5 12 0
5 12 0
5 13 0
5 13 0
5 13 0
5 13 0
5 13 0
5 13 0
5 15 0
5 16 0
5 17 0
5 17 0
5 17 0
5 17 0
5 17 0
5 18 0
5 18 0
5 19 0
5 19 0
5 20 0
5 20 0
5 21 0
5 22 0
5 22 0
5 23 0
5 23 0
5 24 0
5 24 0
5 24 0
5 26 0
5 26 0
5 26 0
5 26 0
5 27 0
5 27 0
5 27 0
5 27 0
5 27 0
5 29 0
5 29 0
5 29 0
5 29 0
5 29 0
5 30 0
5 30 0
5 30 0
5 30 0
5 30 0
5 30 0
5 30 0
5 32 0
5 32 0
5 32 0
5 33 0
5 33 0
5 33 0
5 33 0
5 33 0
5 34 0
5 34 0
5 36 0
5 36 0
5 37 0
5 37 0
5 38 0
5 39 0
5 40 0
5 40 0
5 40 0
5 40 0
5 40 0
5 40 0
5 42 0
5 43 0
5 43 0
5 43 0
5 44 0
5 44 0
5 44 0
5 45 0
5 47 0
5 48 0
5 48 0
5 48 0
5 48 0
5 48 0
5 49 0
5 50 0
5 51 0
5 51 0
5 51 0
5 51 0
5 52 0
5 53 0
5 53 0
5 54 0
5 54 0
5 54 0
5 55 0
5 55 0
5 56 0
5 57 0
5 57 0
5 58 0
5 61 0
5 62 0
5 64 0
5 67 0
5 68 0
5 70 0
5 70 0
5 75 0
5 77 0
5 78 0
5 81 0
5 83 0
5 84 0
5 84 0
5 84 0
5 88 0
5 89 0
5 91 0
5 92 0
5 96 0
5 96 0
5 97 0
5 98 0
5 100 0
5 102 0
5 106 0
5 107 0
5 117 0
5 121 0
5 121 0
5 124 0
5 133 0
5 142 0
6 1 0
6 2 0
6 3 0
6 4 0
6 4 0
6 5 0
6 5 0
6 5 0
6 6 0
6 6 0
6 6 0
6 6 0
6 6 0
6 6 0
6 6 0
6 7 0
6 7 0
6 7 0
6 7 0
6 7 0
6 7 0
6 7 0
6 8 0
6 10 0
6 10 0
6 11 0
6 12 0
6 12 0
6 12 0
6 12 0
6 12 0
6 12 0
6 13 0
6 13 0
6 13 0
6 13 0
6 14 0
6 14 0
6 14 0
6 15 0
6 15 0
6 16 0
6 16 0
6 16 0
6 16 0
6 17 0
6 18 0
6 18 0
6 19 0
6 19 0
6 19 0
6 19 0
6 20 0
6 20 0
6 20 0
6 20 0
6 20 0
6 21 0
6 21 0
6 21 0
6 22 0
6 22 0
6 22 0
6 23 0
6 23 0
6 23 0
6 23 0
6 24 0
6 24 0
6 24 0
6 25 0
6 25 0
6 25 0
6 26 0
6 26 0
6 26 0
6 29 0
6 29 0
6 29 0
6 30 0
6 30 0
6 31 0
6 31 0
6 31 0
6 31 0
6 32 0
6 32 0
6 32 0
6 33 0
6 33 0
6 33 0
6 34 0
6 34 0
6 34 0
6 35 0
6 35 0
6 35 0
6 35 0
6 35 0
6 36 0
6 36 0
6 36 0
6 36 0
6 37 0
6 37 0
6 39 0
6 39 0
6 39 0
6 39 0
6 39 0
6 41 0
6 41 0
6 41 0
6 42 0
6 42 0
6 42 0
6 42 0
6 43 0
6 43 0
6 44 0
6 46 0
6 46 0
6 48 0
6 48 0
6 48 0
6 48 0
6 51 0
6 51 0
6 51 0
6 52 0
6 52 0
6 52 0
6 53 0
6 53 0
6 55 0
6 56 0
6 56 0
6 59 0
6 60 0
6 60 0
6 60 0
6 60 0
6 60 0
6 60 0
6 62 0
6 62 0
6 62 0
6 63 0
6 63 0
6 63 0
6 64 0
6 64 0
6 64 0
6 64 0
6 65 0
6 65 0
6 65 0
6 65 0
6 65 0
6 65 0
6 65 0
6 66 0
6 67 0
6 67 0
6 67 0
6 67 0
6 68 0
6 68 0
6 69 0
6 71 0
6 73 0
6 73 0
6 74 0
6 75 0
6 75 0
6 77 0
6 77 0
6 78 0
6 78 0
6 79 0
6 81 0
6 81 0
6 84 0
6 84 0
6 84 0
6 85 0
6 85 0
6 87 0
6 87 0
6 87 0
6 89 0
6 89 0
6 89 0
6 90 0
6 92 0
6 94 0
6 94 0
6 96 0
6 97 0
6 97 0
6 106 0
6 106 0
6 106 0
6 108 0
6 108 0
6 109 0
6 109 0
6 109 0
6 110 0
6 111 0
6 114 0
6 114 0
6 114 0
6 115 0
6 118 0
6 121 0
6 121 0
6 122 0
6 123 0
6 125 0
6 125 0
6 126 0
6 126 0
6 127 0
6 128 0
6 129 0
6 130 0
6 131 0
6 131 0
6 132 0
6 133 0
6 134 0
6 139 0
6 139 0
6 140 0
6 140 0
6 142 0
6 142 0
6 143 0
6 144 0
7 1 0
7 1 0
7 1 0
7 1 0
7 2 0
7 2 0
7 2 0
7 2 0
7 3 0
7 3 0
7 3 0
7 3 0
7 3 0
7 4 0
7 4 0
7 5 0
7 5 0
7 5 0
7 6 0
7 6 0
7 6 0
7 6 0
7 6 0
7 7 0
7 7 0
7 7 0
7 7 0
7 7 0
7 7 0
7 7 0
7 7 0
7 7 0
7 7 0
7 7 0
7 7 0
7 7 0
7 7 0
7 8 0
7 9 0
7 9 0
7 9 0
7 9 0
7 10 0
7 10 0
7 10 0
7 11 0
7 11 0
7 11 0
7 11 0
7 11 0
7 11 0
7 12 0
7 12 0
7 12 0
7 12 0
7 12 0
7 12 0
7 12 0
7 12 0
7 12 0
7 13 0
7 13 0
7 13 0
7 13 0
7 14 0
7 15 0
7 15 0
7 16 0
7 16 0
7 16 0
7 19 0
7 19 0
7 19 0
7 20 0
7 20 0
7 20 0
7 20 0
7 21 0
7 21 0
7 21 0
7 21 0
7 22 0
7 23 0
7 23 0
7 23 0
7 23 0
7 23 0
7 23 0
7 23 0
7 23 0
7 23 0
7 23 0
7 23 0
7 23 0
7 24 0
7 24 0
7 24 0
7 25 0
7 25 0
7 26 0
7 26 0
7 26 0
7 26 0
7 27 0
7 28 0
7 28 0
7 29 0
7 29 0
7 31 0
7 32 0
7 32 0
7 34 0
7 34 0
7 35 0
7 36 0
7 38 0
7 39 0
7 39 0
7 40 0
7 40 0
7 41 0
7 41 0
7 41 0
7 42 0
7 42 0
7 43 0
7 43 0
7 44 0
7 45 0
7 47 0
7 47 0
7 47 0
7 50 0
7 52 0
7 52 0
7 53 0
7 54 0
7 54 0
7 54 0
7 54 0
7 54 0
7 54 0
7 55 0
7 55 0
7 55 0
7 56 0
7 57 0
7 57 0
7 57 0
7 58 0
7 58 0
7 59 0
7 60 0
7 60 0
7 61 0
7 62 0
7 62 0
7 62 0
7 62 0
7 63 0
7 63 0
7 63 0
7 63 0
7 64 0
7 64 0
7 64 0
7 65 0
7 65 0
7 67 0
7 68 0
7 68 0
7 69 0
7 69 0
7 70 0
7 71 0
7 72 0
7 74 0
7 75 0
7 75 0
7 77 0
7 83 0
7 83 0
7 83 0
7 83 0
7 84 0
7 88 0
7 88 0
7 88 0
7 88 0
7 89 0
7 89 0
7 92 0
7 93 0
7 93 0
7 93 0
7 94 0
7 94 0
7 94 0
7 94 0
7 94 0
7 94 0
7 94 0
7 94 0
7 94 0
7 94 0
7 94 0
7 94 0
7 95 0
7 95 0
7 96 0
7 96 0
7 96 0
7 97 0
7 97 0
7 102 0
7 104 0
7 104 0
7 106 0
7 109 0
7 110 0
7 110 0
7 110 0
7 110 0
7 110 0
7 110 0
7 110 0
7 110 0
7 110 0
7 110 0
7 111 0
7 111 0
7 115 0
7 116 0
7 118 0
7 118 0
7 120 0
7 121 0
7 122 0
7 123 0
7 126 0
7 126 0
7 126 0
7 130 0
7 132 0
7 132 0
7 135 0
7 135 0
7 136 0
7 136 0
7 140 0
7 142 0
7 142 0
7 142 0
8 1 0
8 4 0
8 7 0
8 7 0
8 11 0
8 12 0
8 14 0
8 17 0
8 19 0
8 29 0
8 30 0
8 31 0
8 31 0
8 33 0
8 34 0
8 38 0
8 39 0
8 40 0
8 41 0
8 42 0
8 42 0
8 44 0
8 44 0
8 48 0
8 50 0
8 52 0
8 58 0
8 62 0
8 63 0
8 69 0
8 69 0
8 70 0
8 70 0
8 71 0
8 78 0
8 81 0
8 92 0
8 92 0
8 94 0
8 110 0
8 110 0
8 110 0
8 130 0
9 1 0
9 2 0
9 4 0
9 6 0
9 7 0
9 8 0
9 9 0
9 9 0
9 9 0
9 12 0
9 12 0
9 12 0
9 12 0
9 13 0
9 13 0
9 14 0
9 17 0
9 19 0
9 19 0
9 19 0
9 20 0
9 21 0
9 21 0
9 21 0
9 23 0
9 25 0
9 25 0
9 27 0
9 27 0
9 29 0
9 29 0
9 29 0
9 29 0
9 29 0
9 30 0
9 30 0
9 31 0
9 34 0
9 34 0
9 34 0
9 35 0
9 36 0
9 36 0
9 38 0
9 40 0
9 42 0
9 44 0
9 46 0
9 49 0
9 49 0
9 49 0
9 51 0
9 51 0
9 53 0
9 54 0
9 56 0
9 56 0
9 57 0
9 58 0
9 60 0
9 67 0
9 68 0
9 68 0
9 69 0
9 70 0
9 75 0
9 77 0
9 77 0
9 79 0
9 82 0
9 82 0
9 83 0
9 85 0
9 88 0
9 90 0
9 91 0
9 92 0
9 92 0
9 92 0
9 94 0
9 94 0
9 94 0
9 96 0
9 96 0
9 102 0
9 103 0
9 106 0
9 109 0
9 111 0
9 115 0
9 115 0
9 117 0
9 119 0
9 119 0
9 120 0
9 122 0
9 122 0
9 122 0
9 126 0
9 127 0
9 129 0
9 132 0
9 135 0
9 137 0
9 137 0
9 142 0
9 142 0
9 142 0
10 1 0
10 2 0
10 2 0
10 3 0
10 4 0
10 4 0
10 4 0
10 4 0
10 4 0
10 7 0
10 7 0
10 10 0
10 10 0
10 10 0
10 12 0
10 12 0
10 12 0
10 12 0
10 12 0
10 14 0
10 14 0
10 15 0
10 17 0
10 19 0
10 19 0
10 22 0
10 22 0
10 23 0
10 23 0
10 23 0
10 24 0
10 25 0
10 26 0
10 27 0
10 27 0
10 29 0
10 29 0
10 29 0
10 30 0
10 30 0
10 30 0
10 31 0
10 31 0
10 31 0
10 32 0
10 32 0
10 32 0
10 34 0
10 38 0
10 39 0
10 40 0
10 41 0
10 41 0
10 42 0
10 45 0
10 45 0
10 46 0
10 48 0
10 51 0
10 51 0
10 53 0
10 53 0
10 54 0
10 54 0
10 55 0
10 57 0
10 57 0
10 57 0
10 57 0
10 57 0
10 57 0
10 58 0
10 59 0
10 60 0
10 62 0
10 62 0
10 64 0
10 64 0
10 64 0
10 65 0
10 65 0
10 68 0
10 70 0
10 71 0
10 71 0
10 74 0
10 75 0
10 75 0
10 75 0
10 76 0
10 79 0
10 80 0
10 83 0
10 83 0
10 83 0
10 85 0
10 88 0
10 88 0
10 88 0
10 89 0
10 91 0
10 94 0
10 94 0
10 94 0
10 96 0
10 97 0
10 97 0
10 98 0
10 101 0
10 106 0
10 107 0
10 109 0
10 119 0
10 121 0
10 121 0
10 122 0
10 124 0
10 124 0
10 126 0
10 131 0
10 136 0
10 139 0
10 141 0
10 142 0
10 142 0
10 142 0
10 143 0
10 144 0
11 2 0
11 2 0
11 2 0
11 3 0
11 4 0
11 4 0
11 5 0
11 6 0
11 7 0
11 9 0
11 9 0
11 10 0
11 10 0
11 10 0
11 11 0
11 11 0
11 12 0
11 12 0
11 13 0
11 14 0
11 14 0
11 16 0
11 19 0
11 20 0
11 21 0
11 21 0
11 22 0
11 22 0
11 22 0
11 22 0
11 22 0
11 22 0
11 23 0
11 23 0
11 23 0
11 24 0
11 24 0
11 24 0
11 25 0
11 25 0
11 25 0
11 26 0
11 27 0
11 27 0
11 29 0
11 29 0
11 29 0
11 32 0
11 33 0
11 33 0
11 34 0
11 36 0
11 36 0
11 37 0
11 38 0
11 39 0
11 39 0
11 39 0
11 40 0
11 41 0
11 42 0
11 42 0
11 42 0
11 42 0
11 44 0
11 44 0
11 44 0
11 44 0
11 44 0
11 44 0
11 45 0
11 46 0
11 46 0
11 46 0
11 46 0
11 46 0
11 46 0
11 48 0
11 48 0
11 50 0
11 50 0
11 50 0
11 51 0
11 53 0
11 54 0
11 57 0
11 57 0
11 58 0
11 59 0
11 59 0
11 59 0
11 59 0
11 59 0
11 59 0
11 59 0
11 59 0
11 60 0
11 61 0
11 61 0
11 67 0
11 69 0
11 70 0
11 71 0
11 73 0
11 75 0
11 75 0
11 77 0
11 77 0
11 77 0
11 78 0
11 78 0
11 78 0
11 79 0
11 79 0
11 80 0
11 81 0
11 81 0
11 81 0
11 83 0
11 83 0
11 84 0
11 87 0
11 89 0
11 89 0
11 90 0
11 91 0
11 91 0
11 91 0
11 93 0
11 93 0
11 93 0
11 94 0
11 94 0
11 94 0
11 96 0
11 96 0
11 97 0
11 97 0
11 98 0
11 98 0
11 98 0
11 98 0
11 101 0
11 102 0
11 103 0
11 104 0
11 108 0
11 109 0
11 109 0
11 112 0
11 113 0
11 113 0
11 115 0
11 117 0
11 117 0
11 117 0
11 118 0
11 118 0
11 118 0
11 119 0
11 119 0
11 122 0
11 122 0
11 122 0
11 126 0
11 127 0
11 127 0
11 128 0
11 129 0
11 130 0
11 130 0
11 131 0
11 133 0
11 135 0
11 135 0
11 135 0
11 136 0
11 139 0
11 141 0
11 142 0
12 1 0
12 2 0
12 4 0
12 5 0
12 5 0
12 5 0
12 6 0
12 7 0
12 9 0
12 9 0
12 10 0
12 10 0
12 10 0
12 11 0
12 11 0
12 11 0
12 12 0
12 12 0
12 12 0
12 13 0
12 14 0
12 14 0
12 14 0
12 15 0
12 16 0
12 16 0
12 16 0
12 17 0
12 17 0
12 17 0
12 19 0
12 19 0
12 20 0
12 20 0
12 20 0
12 20 0
12 21 0
12 21 0
12 21 0
12 21 0
12 22 0
12 22 0
12 22 0
12 22 0
12 23 0
12 23 0
12 23 0
12 23 0
12 24 0
12 24 0
12 24 0
12 25 0
12 27 0
12 28 0
12 29 0
12 29 0
12 29 0
12 30 0
12 30 0
12 30 0
12 31 0
12 31 0
12 31 0
12 31 0
12 32 0
12 33 0
12 33 0
12 33 0
12 33 0
12 33 0
12 35 0
12 35 0
12 36 0
12 36 0
12 36 0
12 36 0
12 36 0
12 38 0
12 38 0
12 38 0
12 39 0
12 39 0
12 41 0
12 41 0
12 42 0
12 42 0
12 43 0
12 45 0
12 45 0
12 46 0
12 46 0
12 46 0
12 47 0
12 47 0
12 48 0
12 48 0
12 49 0
12 49 0
12 50 0
12 50 0
12 51 0
12 53 0
12 53 0
12 54 0
12 57 0
12 57 0
12 57 0
12 57 0
12 57 0
12 58 0
12 59 0
12 59 0
12 60 0
12 60 0
12 61 0
12 61 0
12 62 0
12 64 0
12 64 0
12 64 0
12 64 0
12 64 0
12 65 0
12 68 0
12 68 0
12 68 0
12 72 0
12 73 0
12 78 0
12 78 0
12 79 0
12 81 0
12 81 0
12 81 0
12 83 0
12 84 0
12 84 0
12 85 0
12 85 0
12 89 0
12 89 0
12 89 0
12 90 0
12 93 0
12 93 0
12 94 0
12 95 0
12 96 0
12 99 0
12 102 0
12 104 0
12 104 0
12 112 0
12 118 0
12 118 0
12 119 0
12 119 0
12 120 0
12 120 0
12 121 0
12 121 0
12 123 0
12 126 0
12 127 0
12 127 0
12 128 0
12 128 0
12 130 0
12 132 0
12 132 0
12 136 0
12 142 0
12 144 0
13 3 0
13 3 0
13 5 0
13 5 0
13 5 0
13 5 0
13 5 0
13 7 0
13 10 0
13 12 0
13 13 0
13 13 0
13 13 0
13 13 0
13 13 0
13 13 0
13 13 0
13 13 0
13 14 0
13 14 0
13 15 0
13 17 0
13 17 0
13 17 0
13 17 0
13 19 0
13 20 0
13 20 0
13 21 0
13 21 0
13 22 0
13 22 0
13 22 0
13 22 0
13 22 0
13 23 0
13 23 0
13 23 0
13 25 0
13 25 0
13 29 0
13 29 0
13 31 0
13 32 0
13 33 0
13 33 0
13 35 0
13 35 0
13 35 0
13 35 0
13 35 0
13 36 0
13 37 0
13 37 0
13 37 0
13 37 0
13 38 0
13 38 0
13 38 0
13 38 0
13 38 0
13 38 0
13 39 0
13 39 0
13 39 0
13 39 0
13 39 0
13 41 0
13 41 0
13 41 0
13 42 0
13 44 0
13 44 0
13 48 0
13 51 0
13 51 0
13 52 0
13 52 0
13 52 0
13 52 0
13 53 0
13 54 0
13 54 0
13 56 0
13 56 0
13 56 0
13 57 0
13 58 0
13 58 0
13 59 0
13 59 0
13 60 0
13 61 0
13 62 0
13 62 0
13 66 0
13 67 0
13 68 0
13 69 0
13 71 0
13 71 0
13 71 0
13 72 0
13 73 0
13 73 0
13 75 0
13 75 0
13 79 0
13 81 0
13 83 0
13 83 0
13 83 0
13 83 0
13 84 0
13 85 0
13 85 0
13 88 0
13 88 0
13 91 0
13 91 0
13 92 0
13 93 0
13 94 0
13 94 0
13 94 0
13 95 0
13 96 0
13 96 0
13 96 0
13 99 0
13 101 0
13 102 0
13 102 0
13 103 0
13 104 0
13 106 0
13 106 0
13 106 0
13 107 0
13 107 0
13 113 0
13 114 0
13 114 0
13 117 0
13 120 0
13 121 0
13 125 0
13 125 0
13 126 0
13 130 0
13 131 0
13 131 0
13 132 0
13 135 0
13 139 0
13 139 0
13 140 0
13 142 0
13 142 0
13 144 0
13 144 0
13 144 0
14 4 0
14 7 0
14 7 0
14 7 0
14 8 0
14 11 0
14 11 0
14 12 0
14 12 0
14 13 0
14 14 0
14 15 0
14 16 0
14 19 0
14 19 0
14 19 0
14 20 0
14 23 0
14 24 0
14 26 0
14 27 0
14 33 0
14 33 0
14 34 0
14 38 0
14 38 0
14 39 0
14 40 0
14 42 0
14 45 0
14 48 0
14 49 0
14 50 0
14 52 0
14 54 0
14 58 0
14 61 0
14 62 0
14 63 0
14 63 0
14 63 0
14 65 0
14 65 0
14 67 0
14 67 0
14 68 0
14 75 0
14 82 0
14 88 0
14 91 0
14 101 0
14 105 0
14 115 0
14 118 0
14 118 0
14 119 0
14 121 0
14 121 0
14 122 0
14 135 0
14 139 0
14 142 0
15 2 0
15 2 0
15 3 0
15 4 0
15 11 0
15 13 0
15 13 0
15 13 0
15 15 0
15 15 0
15 17 0
15 23 0
15 23 0
15 23 0
15 23 0
15 24 0
15 24 0
15 25 0
15 27 0
15 27 0
15 27 0
15 29 0
15 29 0
15 29 0
15 31 0
15 31 0
15 33 0
15 35 0
15 35 0
15 36 0
15 37 0
15 37 0
15 38 0
15 40 0
15 41 0
15 43 0
15 44 0
15 44 0
15 48 0
15 49 0
15 49 0
15 54 0
15 54 0
15 54 0
15 55 0
15 58 0
15 61 0
15 66 0
15 69 0
15 72 0
15 72 0
15 72 0
15 75 0
15 76 0
15 87 0
15 89 0
15 90 0
15 91 0
15 92 0
15 95 0
15 98 0
15 106 0
15 108 0
15 110 0
15 111 0
15 122 0
15 123 0
15 125 0
15 126 0
15 130 0
15 135 0
15 137 0
15 139 0
15 140 0
16 1 0
16 2 0
16 2 0
16 6 0
16 6 0
16 10 0
16 11 0
16 12 0
16 13 0
16 17 0
16 20 0
16 20 0
16 21 0
16 29 0
16 31 0
16 33 0
16 33 0
16 36 0
16 40 0
16 42 0
16 43 0
16 44 0
16 44 0
16 46 0
16 48 0
16 48 0
16 52 0
16 55 0
16 55 0
16 63 0
16 63 0
16 68 0
16 73 0
16 75 0
16 75 0
16 85 0
16 85 0
16 86 0
16 87 0
16 90 0
16 94 0
16 94 0
16 94 0
16 99 0
16 104 0
16 104 0
16 104 0
16 106 0
16 112 0
16 117 0
16 118 0
16 118 0
16 124 0
16 126 0
16 133 0
16 133 0
16 135 0
16 136 0
17 12 0
17 15 0
17 16 0
17 19 0
17 20 0
17 24 0
17 25 0
17 26 0
17 33 0
17 49 0
17 49 0
17 49 0
17 62 0
17 77 0
17 78 0
17 82 0
17 108 0
17 108 0
17 109 0
17 115 0
17 119 0
17 122 0
17 122 0
17 126 0
17 144 0
18 1 0
18 7 0
18 7 0
18 9 0
18 9 0
18 13 0
18 19 0
18 19 0
18 23 0
18 33 0
18 40 0
18 42 0
18 57 0
18 64 0
18 67 0
18 82 0
18 96 0
18 106 0
18 106 0
18 112 0
19 1 0
19 7 0
19 7 0
19 12 0
19 12 0
19 15 0
19 15 0
19 19 0
19 20 0
19 22 0
19 22 0
19 22 0
19 23 0
19 24 0
19 25 0
19 28 0
19 29 0
19 30 0
19 30 0
19 31 0
19 32 0
19 33 0
19 34 0
19 35 0
19 35 0
19 36 0
19 37 0
19 37 0
19 38 0
19 42 0
19 42 0
19 49 0
19 53 0
19 54 0
19 55 0
19 55 0
19 56 0
19 58 0
19 60 0
19 63 0
19 63 0
19 63 0
19 64 0
19 69 0
19 69 0
19 72 0
19 75 0
19 81 0
19 88 0
19 93 0
19 94 0
19 94 0
19 106 0
19 110 0
19 110 0
19 117 0
19 126 0
19 126 0
19 127 0
19 135 0
19 139 0
19 142 0
20 11 0
20 18 0
20 18 0
20 19 0
20 24 0
20 24 0
20 25 0
20 26 0
20 27 0
20 27 0
20 29 0
20 36 0
20 38 0
20 38 0
20 51 0
20 53 0
20 54 0
20 56 0
20 56 0
20 57 0
20 60 0
20 65 0
20 81 0
20 83 0
20 87 0
20 91 0
20 99 0
20 106 0
20 123 0
20 124 0
20 130 0
20 130 0
20 139 0
20 140 0
20 142 0
21 1 0
21 1 0
21 7 0
21 10 0
21 12 0
21 12 0
21 15 0
21 19 0
21 19 0
21 21 0
21 21 0
21 22 0
21 24 0
21 27 0
21 30 0
21 30 0
21 40 0
21 44 0
21 44 0
21 44 0
21 46 0
21 49 0
21 53 0
21 55 0
21 56 0
21 57 0
21 58 0
21 60 0
21 78 0
21 80 0
21 80 0
21 82 0
21 85 0
21 87 0
21 88 0
21 94 0
21 104 0
21 108 0
21 109 0
21 109 0
21 113 0
21 114 0
21 114 0
21 114 0
21 119 0
21 122 0
21 123 0
21 123 0
21 140 0
22 4 0
22 11 0
22 11 0
22 11 0
22 12 0
22 12 0
22 12 0
22 12 0
22 18 0
22 20 0
22 22 0
22 22 0
22 23 0
22 27 0
22 29 0
22 29 0
22 31 0
22 31 0
22 36 0
22 36 0
22 37 0
22 39 0
22 39 0
22 44 0
22 45 0
22 45 0
22 45 0
22 50 0
22 55 0
22 56 0
22 57 0
22 61 0
22 68 0
22 71 0
22 72 0
22 72 0
22 72 0
22 72 0
22 72 0
22 73 0
22 81 0
22 84 0
22 86 0
22 86 0
22 89 0
22 104 0
22 104 0
22 113 0
22 120 0
22 136 0
22 142 0
22 143 0
23 7 0
23 7 0
23 9 0
23 12 0
23 14 0
23 22 0
23 22 0
23 23 0
23 24 0
23 25 0
23 27 0
23 29 0
23 31 0
23 32 0
23 33 0
23 36 0
23 38 0
23 39 0
23 41 0
23 41 0
23 45 0
23 50 0
23 51 0
23 55 0
23 57 0
23 57 0
23 59 0
23 61 0
23 63 0
23 64 0
23 64 0
23 72 0
23 73 0
23 73 0
23 73 0
23 83 0
23 84 0
23 87 0
23 88 0
23 88 0
23 90 0
23 91 0
23 91 0
23 94 0
23 97 0
23 99 0
23 100 0
23 105 0
23 108 0
23 110 0
23 112 0
23 120 0
23 121 0
23 124 0
23 125 0
23 127 0
23 128 0
23 139 0
23 140 0
23 141 0
23 142 0
24 2 0
24 2 0
24 11 0
24 11 0
24 14 0
24 19 0
24 21 0
24 21 0
24 23 0
24 24 0
24 24 0
24 24 0
24 29 0
24 31 0
24 37 0
24 40 0
24 42 0
24 42 0
24 42 0
24 44 0
24 44 0
24 57 0
24 58 0
24 58 0
24 58 0
24 59 0
24 59 0
24 60 0
24 60 0
24 60 0
24 65 0
24 67 0
24 67 0
24 71 0
24 77 0
24 77 0
24 78 0
24 79 0
24 80 0
24 83 0
24 85 0
24 88 0
24 88 0
24 88 0
24 97 0
24 98 0
24 98 0
24 98 0
24 102 0
24 102 0
24 104 0
24 120 0
24 120 0
24 121 0
24 121 0
24 122 0
24 122 0
24 123 0
24 123 0
24 139 0
24 141 0
24 142 0
24 142 0
24 142 0
24 142 0
24 144 0
25 1 0
25 2 0
25 2 0
25 5 0
25 12 0
25 12 0
25 18 0
25 21 0
25 21 0
25 25 0
25 27 0
25 27 0
25 28 0
25 28 0
25 31 0
25 34 0
25 35 0
25 44 0
25 45 0
25 47 0
25 49 0
25 52 0
25 57 0
25 58 0
25 61 0
25 67 0
25 77 0
25 79 0
25 80 0
25 80 0
25 82 0
25 82 0
25 82 0
25 85 0
25 85 0
25 89 0
25 91 0
25 93 0
25 93 0
25 95 0
25 95 0
25 96 0
25 96 0
25 103 0
25 104 0
25 105 0
25 106 0
25 109 0
25 114 0
25 118 0
25 118 0
25 119 0
25 119 0
25 120 0
25 120 0
25 120 0
25 122 0
25 123 0
25 123 0
25 125 0
25 127 0
25 127 0
25 128 0
25 129 0
25 141 0
25 142 0
25 143 0
25 143 0
25 144 0
26 23 0
26 37 0
26 60 0
26 69 0
26 73 0
26 75 0
26 80 0
26 85 0
26 98 0
26 131 0
27 2 0
27 5 0
27 12 0
27 13 0
27 13 0
27 16 0
27 25 0
27 27 0
27 27 0
27 29 0
27 34 0
27 35 0
27 36 0
27 38 0
27 40 0
27 54 0
27 64 0
27 77 0
27 82 0
27 84 0
27 94 0
27 99 0
27 103 0
27 114 0
27 119 0
28 2 0
28 11 0
28 23 0
28 25 0
28 41 0
28 52 0
28 58 0
28 70 0
28 114 0
28 115 0
29 2 0
29 3 0
29 7 0
29 7 0
29 9 0
29 12 0
29 14 0
29 15 0
29 16 0
29 20 0
29 25 0
29 29 0
29 29 0
29 29 0
29 29 0
29 36 0
29 37 0
29 37 0
29 40 0
29 49 0
29 50 0
29 51 0
29 57 0
29 58 0
29 60 0
29 68 0
29 71 0
29 75 0
29 79 0
29 82 0
29 88 0
29 90 0
29 90 0
29 90 0
29 94 0
29 96 0
29 96 0
29 97 0
29 98 0
29 102 0
29 102 0
29 102 0
29 103 0
29 104 0
29 113 0
29 117 0
29 119 0
29 120 0
29 120 0
29 122 0
29 123 0
29 124 0
29 124 0
29 126 0
29 127 0
29 131 0
29 137 0
29 139 0
29 139 0
29 139 0
29 140 0
30 23 0
30 37 0
30 69 0
30 77 0
30 80 0
30 85 0
30 88 0
30 88 0
30 90 0
30 105 0
30 106 0
30 108 0
30 108 0
30 111 0
30 113 0
30 114 0
30 114 0
30 115 0
30 118 0
30 119 0
30 119 0
30 123 0
30 125 0
30 126 0
30 126 0
30 132 0
30 134 0
30 140 0
30 141 0
30 142 0
31 12 0
31 14 0
31 16 0
31 22 0
31 24 0
31 27 0
31 29 0
31 36 0
31 36 0
31 41 0
31 48 0
31 50 0
31 55 0
31 56 0
31 56 0
31 57 0
31 61 0
31 68 0
31 68 0
31 68 0
31 71 0
31 72 0
31 72 0
31 73 0
31 78 0
31 82 0
31 83 0
31 89 0
31 89 0
31 90 0
31 94 0
31 94 0
31 96 0
31 96 0
31 98 0
31 104 0
31 104 0
31 106 0
31 106 0
31 108 0
31 111 0
31 113 0
31 114 0
31 115 0
31 120 0
31 121 0
31 122 0
31 122 0
31 129 0
31 135 0
31 137 0
31 138 0
31 143 0
31 144 0
31 144 0
32 10 0
32 12 0
32 37 0
32 38 0
32 57 0
32 57 0
32 57 0
32 83 0
32 93 0
32 94 0
32 102 0
32 105 0
32 118 0
32 136 0
33 5 0
33 7 0
33 9 0
33 13 0
33 15 0
33 21 0
33 25 0
33 31 0
33 33 0
33 33 0
33 41 0
33 57 0
33 59 0
33 61 0
33 61 0
33 61 0
33 61 0
33 66 0
33 77 0
33 84 0
33 88 0
33 88 0
33 89 0
33 94 0
33 98 0
33 105 0
33 109 0
33 109 0
33 114 0
33 119 0
33 121 0
33 125 0
33 132 0
33 132 0
33 136 0
33 137 0
33 138 0
33 139 0
33 139 0
33 142 0
33 143 0
33 144 0
33 144 0
34 10 0
34 33 0
34 35 0
34 53 0
34 68 0
34 79 0
34 90 0
34 103 0
34 127 0
34 127 0
34 140 0
35 11 0
35 23 0
35 33 0
35 50 0
35 66 0
35 83 0
35 89 0
35 102 0
35 103 0
35 109 0
35 118 0
35 131 0
35 138 0
35 142 0
35 144 0
36 10 0
36 13 0
36 31 0
36 34 0
36 36 0
36 42 0
36 46 0
36 48 0
36 52 0
36 55 0
36 65 0
36 65 0
36 79 0
36 79 0
36 82 0
36 93 0
36 97 0
36 102 0
36 106 0
36 109 0
36 118 0
36 125 0
36 132 0
36 133 0
36 134 0
36 142 0
37 11 0
37 15 0
37 38 0
37 51 0
37 58 0
37 69 0
37 69 0
37 75 0
37 75 0
37 90 0
37 98 0
37 101 0
37 101 0
37 103 0
37 124 0
38 4 0
38 9 0
38 12 0
38 20 0
38 31 0
38 38 0
38 38 0
38 57 0
38 57 0
38 57 0
38 63 0
38 63 0
38 67 0
38 69 0
38 79 0
38 80 0
38 80 0
38 84 0
38 90 0
38 93 0
38 96 0
38 100 0
38 103 0
38 114 0
38 117 0
38 118 0
38 120 0
38 121 0
38 122 0
39 10 0
39 40 0
39 52 0
39 65 0
39 97 0
39 104 0
39 118 0
39 122 0
39 142 0
40 3 0
40 14 0
40 16 0
40 31 0
40 40 0
40 49 0
40 54 0
40 59 0
40 78 0
40 79 0
40 81 0
40 87 0
40 109 0
40 113 0
40 118 0
40 118 0
40 142 0
40 144 0
41 36 0
41 38 0
41 41 0
41 50 0
41 56 0
41 78 0
41 80 0
41 80 0
41 89 0
41 90 0
41 104 0
41 109 0
41 113 0
41 120 0
41 120 0
41 121 0
41 126 0
41 129 0
41 130 0
41 143 0
42 32 0
42 54 0
42 58 0
42 63 0
42 82 0
42 82 0
42 107 0
42 107 0
42 122 0
42 122 0
42 124 0
42 125 0
42 128 0
42 128 0
42 132 0
42 135 0
42 135 0
42 142 0
43 40 0
43 136 0
44 39 0
44 53 0
44 67 0
44 70 0
44 73 0
44 73 0
44 79 0
44 85 0
44 105 0
44 122 0
44 137 0
44 139 0
44 139 0
45 31 0
45 44 0
45 104 0
45 111 0
45 126 0
46 33 0
46 45 0
46 46 0
46 59 0
46 77 0
46 78 0
46 79 0
46 80 0
46 91 0
46 94 0
46 100 0
46 121 0
46 128 0
46 128 0
46 135 0
46 137 0
46 137 0
47 25 0
47 25 0
47 52 0
47 54 0
47 77 0
47 109 0
47 120 0
47 133 0
48 6 0
48 12 0
48 41 0
48 48 0
48 48 0
48 56 0
48 65 0
48 71 0
48 76 0
48 84 0
48 85 0
48 90 0
48 92 0
48 98 0
48 98 0
48 112 0
48 119 0
48 119 0
48 127 0
48 127 0
48 135 0
49 44 0
49 61 0
49 63 0
49 71 0
49 80 0
49 104 0
49 113 0
49 114 0
49 120 0
49 122 0
49 140 0
50 46 0
50 47 0
50 68 0
50 109 0
50 122 0
51 11 0
51 12 0
51 33 0
51 64 0
52 36 0
52 47 0
52 52 0
52 52 0
52 57 0
52 64 0
52 84 0
52 89 0
52 110 0
52 117 0
52 118 0
52 118 0
52 118 0
53 36 0
53 48 0
53 57 0
53 104 0
53 128 0
53 128 0
53 134 0
53 144 0
53 144 0
53 144 0
54 21 0
54 40 0
54 54 0
54 54 0
54 65 0
54 89 0
54 132 0
54 133 0
54 142 0
54 142 0
55 31 0
55 55 0
55 57 0
55 92 0
55 96 0
55 98 0
55 101 0
55 105 0
55 108 0
55 130 0
55 138 0
55 143 0
56 24 0
56 56 0
56 56 0
56 56 0
56 79 0
56 80 0
56 103 0
56 108 0
56 111 0
56 114 0
56 118 0
56 138 0
56 143 0
57 2 0
57 14 0
57 25 0
57 29 0
57 49 0
57 57 0
57 57 0
57 57 0
57 57 0
57 57 0
57 57 0
57 69 0
57 72 0
57 85 0
57 87 0
57 91 0
57 93 0
57 96 0
57 98 0
57 99 0
57 99 0
57 100 0
57 102 0
57 104 0
57 105 0
57 105 0
57 105 0
57 106 0
57 109 0
57 114 0
57 122 0
57 123 0
57 123 0
57 129 0
57 133 0
57 137 0
57 140 0
57 141 0
57 144 0
57 144 0
57 144 0
58 58 0
58 58 0
58 77 0
58 78 0
58 88 0
58 102 0
58 123 0
58 128 0
58 129 0
58 137 0
58 139 0
58 141 0
58 141 0
59 24 0
59 59 0
59 69 0
59 80 0
59 82 0
59 83 0
59 84 0
59 90 0
59 96 0
59 99 0
59 102 0
59 103 0
59 104 0
59 105 0
59 112 0
59 115 0
59 118 0
59 127 0
60 12 0
60 48 0
60 70 0
60 81 0
60 95 0
60 97 0
60 120 0
60 125 0
60 142 0
61 23 0
61 57 0
61 59 0
61 97 0
61 99 0
61 107 0
61 137 0
62 29 0
62 36 0
62 118 0
62 126 0
63 2 0
63 13 0
63 46 0
63 63 0
63 65 0
63 87 0
63 96 0
63 111 0
63 116 0
63 122 0
63 122 0
63 144 0
64 19 0
64 23 0
64 70 0
64 82 0
64 102 0
64 121 0
64 124 0
64 127 0
64 128 0
64 132 0
64 132 0
64 137 0
65 47 0
65 52 0
65 61 0
65 91 0
65 110 0
65 117 0
65 125 0
65 144 0
66 89 0
66 116 0
67 61 0
67 96 0
67 113 0
67 118 0
67 122 0
67 127 0
67 140 0
68 8 0
68 13 0
68 81 0
68 83 0
68 86 0
68 90 0
68 105 0
68 106 0
68 115 0
68 123 0
68 132 0
68 139 0
68 141 0
69 69 0
69 69 0
69 69 0
69 75 0
69 75 0
69 113 0
69 121 0
70 12 0
70 70 0
70 78 0
70 83 0
70 87 0
70 93 0
70 111 0
70 130 0
71 29 0
71 71 0
71 94 0
71 113 0
71 113 0
71 120 0
71 128 0
71 131 0
71 144 0
72 85 0
72 123 0
73 73 0
73 73 0
73 73 0
73 112 0
73 114 0
73 120 0
74 74 0
75 28 0
75 68 0
75 75 0
75 90 0
75 106 0
75 106 0
75 115 0
75 131 0
75 132 0
75 139 0
75 142 0
75 144 0
76 76 0
76 116 0
76 134 0
77 18 0
77 65 0
77 70 0
77 128 0
77 135 0
77 141 0
77 144 0
78 60 0
78 62 0
78 121 0
78 124 0
78 137 0
78 141 0
79 60 0
79 144 0
80 75 0
80 114 0
80 144 0
81 99 0
81 105 0
81 123 0
81 139 0
82 94 0
82 106 0
82 123 0
83 67 0
83 83 0
83 83 0
83 83 0
83 114 0
83 114 0
83 117 0
83 119 0
84 103 0
84 130 0
84 131 0
84 134 0
84 136 0
85 75 0
85 85 0
85 89 0
85 98 0
85 136 0
86 99 0
86 99 0
86 99 0
86 103 0
86 106 0
86 140 0
87 96 0
87 100 0
87 132 0
87 142 0
88 114 0
88 144 0
89 77 0
89 106 0
89 109 0
89 125 0
89 138 0
90 86 0
90 90 0
90 99 0
90 118 0
90 120 0
90 122 0
90 136 0
90 139 0
90 139 0
90 144 0
91 91 0
91 91 0
91 91 0
91 114 0
91 133 0
91 139 0
92 1 0
92 139 0
93 55 0
93 94 0
94 7 0
94 11 0
94 23 0
94 64 0
94 94 0
94 111 0
94 132 0
94 133 0
95 143 0
96 90 0
96 106 0
96 122 0
96 122 0
96 122 0
96 123 0
96 137 0
96 139 0
97 93 0
97 125 0
97 126 0
97 133 0
98 63 0
98 98 0
99 2 0
99 14 0
99 30 0
99 42 0
99 96 0
99 99 0
99 99 0
99 99 0
99 107 0
99 136 0
100 129 0
100 129 0
100 144 0
101 101 0
101 101 0
102 123 0
102 140 0
103 86 0
103 138 0
104 138 0
104 141 0
105 105 0
105 118 0
105 128 0
106 59 0
106 68 0
106 89 0
106 106 0
106 130 0
106 143 0
107 107 0
107 107 0
107 122 0
107 137 0
109 41 0
109 124 0
109 125 0
109 131 0
109 142 0
109 143 0
110 2 0
110 110 0
110 110 0
110 110 0
110 110 0
110 110 0
110 110 0
110 110 0
110 110 0
110 110 0
110 110 0
110 110 0
110 110 0
111 63 0
112 112 0
113 22 0
113 62 0
113 71 0
113 109 0
113 127 0
113 143 0
114 53 0
114 113 0
115 85 0
116 116 0
116 116 0
116 116 0
117 117 0
118 21 0
118 119 0
118 140 0
119 119 0
119 119 0
119 125 0
120 134 0
121 121 0
121 121 0
122 113 0
122 122 0
122 122 0
123 115 0
124 124 0
124 143 0
125 97 0
125 135 0
125 136 0
126 126 0
127 144 0
127 144 0
128 128 0
128 141 0
132 132 0
132 132 0
133 15 0
134 134 0
134 134 0
134 134 0
134 134 0
134 134 0
134 134 0
134 134 0
134 134 0
134 134 0
134 134 0
134 134 0
136 142 0
136 144 0
140 140 0
143 35 0
145 1 0
145 1 0
145 1 0
145 1 0
145 1 0
145 1 0
145 1 0
145 1 0
145 1 0
145 1 0
145 2 0
145 2 0
145 2 0
145 2 0
145 2 0
145 2 0
145 2 0
145 2 0
145 2 0
145 2 0
145 2 0
145 2 0
145 2 0
145 2 0
145 3 0
145 3 0
145 3 0
145 3 0
145 3 0
145 4 0
145 4 0
145 4 0
145 4 0
145 4 0
145 4 0
145 4 0
145 4 0
145 4 0
145 4 0
145 4 0
145 5 0
145 5 0
145 5 0
145 5 0
145 5 0
145 5 0
145 5 0
145 6 0
145 6 0
145 6 0
145 6 0
145 6 0
145 6 0
145 6 0
145 7 0
145 7 0
145 7 0
145 7 0
145 7 0
145 7 0
145 7 0
145 7 0
145 7 0
145 7 0
145 7 0
145 7 0
145 7 0
145 7 0
145 7 0
145 8 0
145 8 0
145 9 0
145 9 0
145 9 0
145 9 0
145 10 0
145 10 0
145 11 0
145 11 0
145 11 0
145 11 0
145 11 0
145 11 0
145 12 0
145 12 0
145 12 0
145 12 0
145 12 0
145 12 0
145 13 0
145 13 0
145 13 0
145 13 0
145 13 0
145 13 0
145 13 0
145 13 0
145 13 0
145 14 0
145 14 0
145 14 0
145 14 0
145 15 0
145 15 0
145 15 0
145 15 0
145 16 0
145 16 0
145 16 0
145 17 0
145 18 0
145 18 0
145 18 0
145 19 0
145 19 0
145 19 0
145 19 0
145 19 0
145 19 0
145 19 0
145 19 0
145 19 0
145 20 0
145 20 0
145 20 0
145 21 0
145 21 0
145 22 0
145 22 0
145 22 0
145 22 0
145 22 0
145 23 0
145 23 0
145 23 0
145 23 0
145 24 0
145 24 0
145 24 0
145 24 0
145 24 0
145 24 0
145 24 0
145 25 0
145 25 0
145 25 0
145 26 0
145 26 0
145 26 0
145 27 0
145 28 0
145 29 0
145 29 0
145 29 0
145 29 0
145 29 0
145 29 0
145 29 0
145 29 0
145 30 0
145 30 0
145 30 0
145 31 0
145 31 0
145 31 0
145 31 0
145 31 0
145 31 0
145 32 0
145 33 0
145 33 0
145 33 0
145 34 0
145 35 0
145 35 0
145 36 0
145 36 0
145 37 0
145 37 0
145 37 0
145 38 0
145 38 0
145 38 0
145 38 0
145 38 0
145 39 0
145 39 0
145 39 0
145 39 0
145 39 0
145 40 0
145 40 0
145 40 0
145 40 0
145 40 0
145 42 0
145 42 0
145 42 0
145 42 0
145 42 0
145 42 0
145 42 0
145 42 0
145 42 0
145 43 0
145 43 0
145 43 0
145 44 0
145 44 0
145 44 0
145 44 0
145 45 0
145 45 0
145 46 0
145 46 0
145 46 0
145 46 0
145 47 0
145 47 0
145 47 0
145 48 0
145 48 0
145 48 0
145 48 0
145 48 0
145 49 0
145 50 0
145 50 0
145 50 0
145 52 0
145 52 0
145 52 0
145 53 0
145 53 0
145 53 0
145 53 0
145 54 0
145 55 0
145 55 0
145 55 0
145 55 0
145 55 0
145 55 0
145 55 0
145 56 0
145 57 0
145 57 0
145 57 0
145 57 0
145 57 0
145 58 0
145 59 0
145 59 0
145 60 0
145 60 0
145 61 0
145 61 0
145 61 0
145 62 0
145 63 0
145 63 0
145 63 0
145 64 0
145 64 0
145 65 0
145 65 0
145 65 0
145 67 0
145 67 0
145 68 0
145 68 0
145 69 0
145 71 0
145 71 0
145 71 0
145 73 0
145 73 0
145 73 0
145 73 0
145 74 0
145 75 0
145 75 0
145 75 0
145 75 0
145 75 0
145 75 0
145 75 0
145 75 0
145 78 0
145 78 0
145 79 0
145 80 0
145 81 0
145 83 0
145 83 0
145 84 0
145 85 0
145 85 0
145 85 0
145 86 0
145 87 0
145 88 0
145 88 0
145 88 0
145 88 0
145 88 0
145 89 0
145 89 0
145 89 0
145 89 0
145 89 0
145 90 0
145 91 0
145 91 0
145 91 0
145 91 0
145 92 0
145 92 0
145 93 0
145 94 0
145 94 0
145 94 0
145 94 0
145 94 0
145 94 0
145 95 0
145 95 0
145 95 0
145 95 0
145 97 0
145 97 0
145 97 0
145 98 0
145 99 0
145 100 0
145 101 0
145 101 0
145 102 0
145 102 0
145 102 0
145 103 0
145 103 0
145 104 0
145 104 0
145 106 0
145 106 0
145 107 0
145 107 0
145 107 0
145 107 0
145 108 0
145 109 0
145 109 0
145 110 0
145 110 0
145 111 0
145 111 0
145 115 0
145 115 0
145 116 0
145 118 0
145 119 0
145 119 0
145 119 0
145 120 0
145 120 0
145 121 0
145 121 0
145 121 0
145 122 0
145 122 0
145 123 0
145 123 0
145 125 0
145 125 0
145 126 0
145 126 0
145 126 0
145 126 0
145 126 0
145 127 0
145 128 0
145 128 0
145 129 0
145 133 0
145 134 0
145 134 0
145 134 0
145 134 0
145 134 0
145 134 0
145 134 0
145 134 0
145 134 0
145 134 0
145 134 0
145 134 0
145 134 0
145 134 0
145 134 0
145 134 0
145 134 0
145 134 0
145 135 0
145 135 0
145 135 0
145 135 0
145 135 0
145 136 0
145 136 0
145 136 0
145 137 0
145 137 0
145 137 0
145 137 0
145 139 0
145 139 0
145 140 0
145 140 0
145 141 0
145 141 0
145 142 0
145 142 0
145 142 0
145 142 0
145 143 0
