1 666
2 35
2 402
2 447
2 468
3 35
3 38
3 172
3 353
3 424
6 260
6 346
6 385
6 420
6 432
6 447
8 230
8 373
9 218
9 301
9 400
9 427
9 455
10 90
10 468
11 96
11 117
11 192
12 2
12 35
12 90
12 190
12 231
12 297
12 370
12 373
13 168
13 470
13 484
16 101
16 172
16 213
16 355
16 434
16 475
17 394
18 199
18 222
18 244
18 391
18 449
18 455
19 69
19 146
19 326
19 328
20 33
20 48
20 158
20 242
20 246
20 281
20 356
21 107
21 328
21 360
22 46
22 82
22 258
23 85
23 349
24 239
24 267
25 51
25 89
25 197
25 323
26 93
26 172
26 275
26 337
26 433
28 7
28 27
28 159
28 192
28 217
28 450
28 456
29 284
29 358
30 223
30 311
31 220
33 51
33 96
33 258
33 281
33 419
34 15
34 164
34 474
35 132
35 222
35 286
35 295
35 337
35 370
35 429
36 69
36 115
36 167
36 191
36 360
36 381
36 415
37 116
38 220
38 420
39 185
39 235
40 152
40 235
40 264
40 274
40 427
41 4
41 438
42 123
42 265
42 486
43 223
43 242
43 365
43 442
44 228
44 348
44 387
44 424
44 446
45 77
45 145
46 213
46 369
46 423
49 215
49 335
49 376
49 467
50 168
50 171
50 172
50 347
50 399
50 470
50 484
52 103
52 340
52 400
52 485
55 251
55 261
55 393
55 467
56 171
57 122
57 216
58 88
58 295
58 371
58 441
59 9
59 86
59 90
59 397
59 400
60 179
60 222
60 231
60 295
60 337
60 440
62 168
63 90
63 140
63 291
63 305
63 371
64 226
64 339
64 347
64 385
65 63
65 90
65 222
65 306
65 400
67 59
67 171
67 301
67 420
67 427
68 32
68 117
68 195
68 359
70 15
70 26
70 140
70 300
70 337
70 353
70 440
70 475
71 449
72 2
72 3
72 172
72 376
72 455
73 132
73 155
73 157
73 179
73 181
73 413
73 433
73 465
74 150
74 407
76 93
76 169
76 238
76 417
76 451
78 6
78 342
78 382
78 410
78 472
78 485
79 69
79 94
79 115
79 359
79 444
79 471
80 68
80 101
80 144
80 219
80 359
80 450
81 392
82 7
82 99
82 210
82 269
82 361
82 434
83 76
83 95
83 108
83 155
83 173
83 202
83 330
83 344
84 229
85 147
85 354
86 87
86 129
86 303
86 354
86 371
87 31
87 373
88 38
88 220
88 236
88 352
88 397
88 455
89 32
89 444
90 306
90 400
91 96
91 117
91 197
91 323
91 456
92 87
92 271
92 366
93 2
93 31
93 35
93 50
93 104
93 129
93 186
94 101
94 149
94 197
94 221
94 243
94 346
94 359
95 268
95 337
95 367
95 443
95 452
96 192
96 456
97 4
97 48
97 51
97 120
97 144
97 194
97 209
97 312
97 432
98 38
98 93
98 163
98 305
98 340
98 404
100 103
100 139
100 171
100 422
100 468
102 15
102 111
102 116
102 125
102 145
102 213
102 403
102 444
104 235
105 190
105 252
105 265
105 427
106 27
106 75
106 441
108 29
108 139
108 204
108 226
108 298
108 403
108 465
108 486
109 178
109 271
110 165
110 225
110 314
110 322
110 374
110 410
111 82
111 117
112 15
112 211
114 188
114 223
114 311
114 412
114 456
116 182
116 258
116 284
116 375
116 385
116 476
117 89
117 99
117 217
118 10
118 62
118 275
118 314
119 93
119 259
119 371
119 424
119 440
120 158
120 161
120 260
120 431
120 432
121 67
121 190
121 270
121 397
121 420
121 427
121 447
121 455
121 468
122 341
122 482
123 14
123 105
123 264
124 118
124 132
124 151
124 246
124 313
124 321
124 425
124 443
125 194
125 209
126 14
126 58
126 63
126 140
126 142
126 289
128 147
128 261
128 373
128 462
131 155
131 340
132 26
132 95
132 212
132 353
132 433
132 452
133 27
133 42
133 306
133 484
134 179
134 244
134 425
134 441
135 171
135 172
135 186
135 424
135 475
136 62
136 359
136 373
138 275
139 11
139 385
139 394
139 485
140 2
140 93
140 135
140 376
142 301
143 14
143 237
143 318
143 347
146 115
146 184
146 211
146 243
146 360
146 444
147 252
147 267
147 297
147 298
147 373
148 43
148 46
148 182
148 258
148 423
148 450
149 101
149 359
149 440
150 227
150 298
150 403
151 337
152 39
152 274
153 26
153 231
153 295
153 370
153 433
153 452
154 180
154 195
154 211
154 243
154 246
154 257
154 319
154 326
154 346
154 444
155 141
155 306
155 331
157 155
157 181
157 331
161 89
161 428
162 161
163 79
163 115
163 191
163 355
163 444
164 15
164 35
164 213
164 315
164 408
164 428
164 487
166 26
166 95
166 261
166 268
166 337
166 363
166 393
166 424
167 32
167 473
167 480
168 31
168 141
168 247
170 10
170 140
170 291
170 404
171 408
171 420
172 2
172 31
172 203
172 447
173 27
173 41
173 106
173 364
173 463
174 120
174 242
176 77
177 15
177 170
177 181
177 286
177 289
177 371
177 388
177 465
178 40
178 92
178 103
178 237
178 339
178 458
179 9
179 218
179 220
179 259
179 289
179 400
180 101
180 149
180 163
180 197
180 355
180 444
180 480
181 155
181 358
181 470
182 99
182 380
183 2
183 157
183 190
183 248
183 371
183 475
185 186
185 274
185 394
186 274
187 13
187 189
188 89
189 43
190 72
190 422
192 82
192 456
193 192
193 269
193 361
193 436
194 209
194 344
195 89
195 144
196 94
196 288
197 89
197 188
197 196
197 281
198 6
198 40
198 131
198 335
199 58
199 78
199 410
200 14
200 150
200 155
200 220
200 227
200 298
202 105
202 225
202 314
202 402
202 404
202 445
203 266
203 353
203 453
204 155
204 181
204 286
204 331
204 422
204 470
204 484
204 486
205 153
205 154
205 222
205 226
205 317
205 446
205 453
206 237
206 255
206 299
206 313
206 449
207 212
207 473
209 111
210 7
210 99
211 101
211 180
211 279
211 288
211 364
211 436
212 52
212 93
212 259
212 273
212 337
212 424
215 86
215 387
215 414
215 472
216 18
216 136
216 165
216 391
216 425
217 223
218 67
218 90
218 236
218 301
219 28
219 46
219 159
219 188
219 245
219 316
219 380
219 438
220 236
220 376
220 408
221 115
221 217
221 359
222 188
222 400
222 426
223 32
223 46
223 148
223 242
223 311
223 365
224 20
224 90
224 195
224 269
224 380
224 436
225 172
225 399
225 411
226 72
226 93
226 106
226 129
226 315
226 317
226 393
226 424
226 446
227 128
227 256
227 352
228 65
228 170
228 222
228 289
228 404
229 466
230 54
230 256
230 297
230 354
230 426
230 462
231 132
231 157
231 255
231 452
231 453
232 237
232 339
232 468
233 151
233 166
233 225
233 322
234 289
234 389
234 420
234 422
234 424
234 484
236 234
236 321
236 395
237 40
237 103
237 189
237 271
237 347
237 385
238 137
239 2
239 6
239 340
239 397
240 68
240 101
240 346
240 359
240 375
241 93
241 172
241 183
241 300
241 353
241 371
241 483
242 46
242 182
242 459
243 213
243 223
243 240
244 289
245 194
245 323
246 19
246 69
246 107
246 343
246 359
246 360
246 444
247 39
247 105
247 258
247 269
248 140
248 370
249 253
249 264
249 334
249 445
249 482
249 483
249 484
250 21
250 172
251 104
251 151
251 340
251 373
252 31
252 237
252 339
253 165
253 267
253 341
254 295
254 353
255 198
255 299
256 252
256 470
257 2
257 3
257 190
257 300
257 475
259 376
259 420
259 455
259 468
260 158
260 221
260 262
260 325
260 431
260 432
261 237
261 458
262 32
262 68
262 89
262 99
262 380
262 421
262 432
263 86
263 347
263 348
263 373
263 399
264 42
264 386
266 31
266 154
266 222
266 353
266 376
267 87
267 104
267 252
267 256
267 273
267 373
267 386
268 119
268 149
268 367
268 393
268 429
268 435
268 452
268 486
269 96
269 196
269 316
269 380
269 456
272 2
272 10
272 72
272 90
272 228
272 400
273 93
273 151
273 239
273 373
274 155
274 376
275 12
275 27
275 90
275 93
275 132
275 151
275 241
276 157
276 189
276 222
276 363
276 367
276 467
276 468
277 235
277 247
277 287
277 306
277 380
278 207
278 230
280 122
280 136
280 216
280 314
281 51
282 50
282 252
282 264
282 408
282 422
282 426
282 484
283 230
283 232
283 298
283 341
283 426
283 462
284 380
284 459
284 478
285 136
285 165
285 250
285 253
285 445
286 181
286 271
286 298
286 373
286 468
287 185
287 186
287 189
287 235
287 286
287 332
287 464
289 371
289 440
290 73
290 291
290 334
290 389
290 440
291 67
291 135
291 151
291 487
292 32
292 161
292 428
292 444
293 15
295 132
295 157
295 231
295 370
295 433
295 452
296 89
296 325
296 420
296 456
297 40
297 136
298 42
298 237
298 373
299 26
299 132
299 259
299 294
299 317
299 337
299 393
300 15
300 35
300 172
300 371
301 90
301 129
301 222
301 236
301 420
301 455
301 485
302 287
302 331
302 332
302 458
303 40
303 103
304 206
304 250
304 335
304 376
304 429
304 433
304 435
305 10
305 65
305 259
305 289
305 397
306 185
306 400
308 252
309 73
309 222
309 363
309 452
313 250
313 402
314 320
315 35
315 93
315 135
315 300
315 335
315 337
315 415
315 433
316 117
316 213
316 456
316 458
317 452
318 14
318 87
318 236
318 267
318 373
318 403
319 20
319 257
319 351
320 225
320 230
320 402
321 12
321 231
321 248
321 275
321 370
321 475
322 304
322 314
322 374
322 379
322 402
323 32
323 197
326 31
326 35
326 190
326 203
326 237
326 266
326 339
326 475
327 66
327 159
327 470
329 32
329 101
329 161
329 323
329 432
329 439
330 432
330 476
331 31
331 274
331 297
332 40
332 186
332 454
332 458
333 54
333 55
334 155
334 173
334 227
334 298
334 422
334 426
334 484
335 2
335 15
335 35
335 72
335 376
335 424
335 475
337 483
338 394
339 40
339 189
339 298
339 338
340 103
340 171
341 139
341 152
341 185
341 186
341 394
343 19
343 115
343 167
343 345
343 359
343 372
345 69
345 89
345 91
345 99
345 399
345 411
345 431
346 68
346 243
346 359
346 371
346 444
347 236
347 373
347 403
347 420
348 251
348 252
348 373
349 215
349 251
349 263
349 472
350 199
350 354
350 391
350 460
351 16
351 79
351 107
351 149
351 246
351 346
351 369
351 419
351 444
353 2
353 183
353 190
353 371
353 424
354 215
354 408
355 69
355 358
355 444
355 480
357 242
357 311
357 398
358 96
358 188
358 192
358 423
360 25
360 69
360 79
360 180
360 355
360 372
361 168
361 182
361 459
362 32
362 69
362 99
362 162
362 325
362 365
363 268
363 291
363 413
364 125
365 32
366 103
366 340
367 155
367 181
367 186
367 187
367 386
367 452
368 410
369 32
369 221
369 323
370 58
370 289
371 2
371 3
371 15
371 93
371 248
371 440
371 475
372 163
374 75
374 85
374 124
374 173
374 249
374 251
374 349
374 373
374 446
375 99
376 94
376 331
376 359
376 371
376 373
376 484
377 2
377 12
377 183
377 300
377 346
378 157
378 231
378 275
378 370
378 376
378 415
378 433
378 452
380 117
381 115
381 182
381 284
381 418
382 10
382 52
382 149
382 220
382 222
382 259
382 289
382 468
383 76
383 95
383 363
383 446
384 6
384 90
384 220
384 447
385 10
385 303
385 339
385 340
386 31
386 168
386 265
386 339
387 6
387 259
387 340
387 446
387 472
388 39
388 157
388 181
388 204
388 297
388 470
390 123
390 306
390 352
390 370
390 486
391 177
391 199
391 272
391 379
391 382
391 396
391 413
391 425
391 460
392 409
393 121
393 150
393 170
393 392
393 435
394 186
394 274
396 89
396 125
396 182
396 191
396 197
396 258
396 364
396 439
398 99
398 182
398 188
398 284
398 436
398 473
398 478
399 14
399 143
399 150
399 264
399 348
399 403
400 218
400 455
401 241
401 248
401 363
401 370
401 416
402 225
402 314
402 413
403 42
403 105
403 141
403 352
404 272
404 441
405 117
406 298
406 338
407 50
407 155
407 199
407 200
407 358
407 486
408 88
408 222
408 301
408 472
411 250
411 322
411 466
413 52
413 63
413 95
413 170
413 306
413 392
413 403
413 408
414 172
414 190
414 252
414 280
414 285
414 440
415 393
416 2
416 72
416 190
416 433
416 468
418 106
418 202
418 223
418 321
418 364
418 365
419 22
419 34
419 69
419 246
419 424
419 479
420 90
420 190
422 62
422 265
423 56
423 185
423 375
424 266
424 371
424 468
425 54
425 199
426 453
427 171
427 400
427 420
427 447
427 455
430 105
430 185
430 235
430 274
431 32
431 48
431 51
431 356
431 375
431 398
431 432
433 2
433 129
433 151
434 94
434 96
434 193
434 196
434 197
434 412
436 284
436 358
436 486
437 81
437 255
437 258
437 313
437 346
437 393
437 443
438 25
438 82
438 375
438 439
439 32
440 35
440 300
440 487
441 136
441 218
441 285
441 289
441 308
442 32
442 41
442 161
442 194
442 260
442 421
442 431
443 81
443 392
443 435
444 144
444 164
444 398
445 165
445 341
446 236
446 354
446 424
446 427
446 440
446 472
447 220
447 335
448 62
448 168
448 171
448 235
448 470
449 307
450 25
450 96
450 346
450 421
450 431
451 110
451 225
451 294
451 314
451 322
451 411
451 421
452 15
452 183
452 222
452 248
452 300
452 315
452 337
452 475
453 35
453 164
453 300
453 353
454 204
454 331
455 90
455 340
455 397
455 468
456 7
456 99
456 117
456 380
458 186
458 208
458 338
458 430
458 464
459 125
459 196
459 265
459 365
459 375
459 434
459 484
460 58
460 63
460 90
460 134
460 228
460 272
460 400
462 136
465 39
465 267
465 297
465 470
466 110
466 202
466 402
467 151
467 215
467 366
467 472
469 34
469 37
469 46
469 101
470 62
471 243
471 432
472 151
472 342
472 399
473 82
473 89
473 99
473 149
473 192
473 292
473 362
474 101
474 384
475 35
475 376
476 125
477 96
477 115
477 269
477 281
477 284
477 359
477 361
477 456
478 148
478 197
481 449
482 102
482 156
483 2
483 14
483 190
483 266
483 300
483 475
484 62
484 168
484 247
485 420
485 422
485 447
485 455
486 14
486 200
486 298
486 403
486 470
487 2
487 35
487 149
487 180
487 300
487 353
487 424
488 494
488 504
488 625
488 720
489 720
490 648
490 671
491 525
491 566
491 611
491 661
491 779
492 39
492 155
492 157
492 525
492 644
492 714
493 585
493 649
494 157
495 489
495 496
495 542
495 585
495 605
495 671
495 757
496 446
496 720
496 721
496 742
496 744
497 239
497 488
497 506
497 655
497 667
499 212
499 468
499 628
500 543
501 568
501 587
501 589
502 782
503 225
503 365
503 565
504 509
504 574
504 580
504 734
504 791
506 720
507 520
507 634
507 638
507 666
507 703
507 714
507 722
507 725
507 788
508 82
508 343
508 405
508 565
508 646
508 650
508 791
509 517
509 602
509 748
509 756
509 789
510 580
510 789
511 520
511 537
511 540
511 549
511 574
511 691
511 707
513 539
513 550
513 747
513 754
514 515
514 519
514 687
515 667
515 738
515 783
516 73
516 95
516 98
516 233
516 268
516 363
516 367
516 437
516 618
518 591
518 775
519 468
519 667
519 670
519 720
520 634
520 685
520 707
521 546
521 585
522 23
522 85
522 225
522 528
522 542
522 554
523 351
523 510
523 517
523 570
523 602
523 603
523 696
523 703
523 741
524 606
524 667
524 700
524 720
524 738
524 750
525 638
526 496
526 582
526 587
526 679
526 744
527 586
527 605
527 676
527 762
528 59
528 85
528 373
528 542
529 490
529 492
529 525
529 648
529 661
529 666
531 260
531 432
531 631
531 682
532 567
532 580
532 717
532 791
534 533
534 545
534 629
534 680
534 787
534 788
535 504
535 523
535 531
535 703
535 734
535 741
535 752
535 756
535 791
536 506
536 587
536 679
536 744
537 539
537 540
537 635
537 689
537 691
537 707
537 729
537 792
538 496
538 580
538 600
538 694
538 699
538 703
538 736
538 789
539 85
539 526
539 645
539 771
539 792
540 520
540 532
540 580
540 637
540 761
542 496
542 526
542 591
542 614
542 742
542 743
543 608
543 636
543 642
543 722
544 504
544 659
544 660
544 700
544 709
544 713
545 240
545 243
545 398
545 532
545 567
545 703
545 717
546 593
546 613
546 614
546 740
546 763
547 499
547 515
547 633
547 786
548 236
548 261
548 263
548 491
549 115
549 191
549 359
549 622
549 681
549 758
550 500
550 563
550 566
550 596
551 548
553 633
553 643
553 761
554 233
554 518
554 614
554 745
554 776
555 577
555 628
555 658
555 661
555 706
555 725
555 727
555 730
555 745
556 713
557 37
557 82
557 789
558 34
558 145
558 360
558 540
559 500
559 636
559 667
559 696
559 766
560 602
561 123
561 220
561 494
561 695
561 739
561 773
563 566
563 596
564 154
564 236
564 261
564 263
564 569
564 587
564 744
564 750
565 496
565 515
565 542
565 596
565 674
565 679
565 680
567 580
568 244
568 353
568 582
568 592
568 656
568 679
569 515
569 667
569 738
570 69
570 243
570 509
570 580
570 696
570 791
571 144
571 523
571 569
571 570
571 588
571 728
571 761
571 764
572 442
572 459
572 540
572 574
572 637
572 665
572 691
572 761
573 511
573 537
573 631
573 707
573 778
574 520
574 532
574 580
574 703
574 791
575 584
575 631
575 633
575 652
575 788
575 790
577 496
577 506
577 582
577 628
577 684
577 730
577 744
578 566
578 683
578 689
578 719
578 737
578 785
579 521
579 633
579 639
579 669
581 461
582 348
582 458
582 518
582 534
582 684
582 744
582 775
583 508
583 520
583 553
583 643
583 672
583 753
583 770
584 44
584 499
584 578
584 633
584 718
585 503
585 539
585 561
585 565
585 588
585 618
585 730
586 488
586 506
586 515
586 624
586 625
586 678
586 700
586 710
586 738
588 542
588 565
588 570
588 576
588 602
588 699
588 741
588 764
588 791
589 587
589 730
590 101
590 180
590 279
590 372
590 557
590 741
590 761
591 563
591 582
592 505
592 582
593 614
593 656
593 740
594 578
594 611
594 621
595 591
595 624
595 675
595 777
596 72
596 154
596 371
598 572
598 578
598 647
599 202
599 225
599 402
600 567
602 517
602 570
602 748
602 791
603 192
603 434
603 538
603 545
603 789
604 531
604 632
604 682
604 685
604 712
604 735
604 788
605 585
606 720
607 506
607 730
608 488
608 716
608 720
609 599
609 654
609 658
609 674
610 539
610 593
610 614
610 763
611 55
611 754
612 582
612 720
612 744
613 490
613 525
613 614
613 661
613 746
613 774
613 776
614 60
614 499
614 782
615 499
615 718
615 725
616 667
616 698
616 786
617 517
617 576
617 580
617 651
617 699
617 762
619 492
619 525
619 613
619 648
619 654
619 661
619 666
619 714
619 784
620 582
620 595
620 774
621 539
621 645
621 653
621 754
621 765
621 785
622 101
622 191
622 213
622 243
622 257
622 326
622 359
622 574
622 733
622 789
623 551
623 620
623 645
624 608
624 667
624 678
624 738
625 190
625 422
625 475
625 608
626 545
626 549
626 560
626 629
626 637
627 527
627 556
627 713
627 773
628 446
629 112
629 162
629 450
629 520
629 631
629 637
630 490
630 633
630 647
630 662
630 669
630 725
631 25
631 101
631 450
631 682
631 735
632 531
632 572
632 573
632 574
632 672
632 712
632 770
633 537
633 662
633 691
634 573
634 583
634 626
634 637
634 649
635 136
635 647
635 718
635 755
636 488
636 494
636 625
636 700
636 713
636 755
636 773
639 368
639 511
639 572
639 633
639 643
639 658
639 691
639 711
639 759
639 782
640 527
640 563
640 686
640 695
640 701
641 403
641 578
641 636
641 679
641 706
641 749
641 774
642 488
642 515
642 569
642 586
642 624
643 647
643 649
644 494
644 497
644 642
644 667
644 738
644 773
644 784
646 517
646 580
646 590
646 717
647 119
647 550
647 566
647 736
647 740
647 746
647 784
649 129
649 491
649 566
649 628
649 647
649 669
649 763
649 785
650 580
650 717
650 789
651 524
651 569
651 720
651 749
651 750
652 537
652 637
652 680
652 681
652 682
652 787
653 293
653 520
653 683
653 712
653 770
654 521
654 546
654 614
654 656
654 673
654 740
655 488
655 494
655 515
655 660
655 667
655 678
655 700
655 773
656 491
656 496
656 547
656 745
656 750
658 614
658 674
659 488
659 494
659 515
659 655
659 660
659 700
659 773
660 738
661 614
661 648
661 744
662 723
663 518
663 569
663 596
663 709
663 750
663 772
663 775
663 795
664 597
666 490
666 638
666 661
666 784
667 710
668 504
668 605
668 625
668 710
669 647
669 658
670 488
670 651
670 710
671 621
673 614
673 674
674 216
674 777
675 155
675 181
675 218
675 220
675 259
675 331
675 376
675 465
676 489
676 526
676 591
676 679
677 578
677 584
677 623
677 649
677 737
679 582
679 648
679 750
680 650
680 685
680 748
680 787
680 788
681 758
682 32
682 149
682 193
682 444
682 450
682 696
682 789
683 520
683 531
683 570
683 761
683 788
684 628
685 36
685 195
685 355
685 450
686 587
686 590
686 594
686 705
686 725
686 741
687 376
687 667
687 744
688 535
688 567
688 580
688 600
688 696
688 703
688 735
688 791
690 136
690 314
690 565
690 679
692 65
692 554
692 622
692 667
692 725
694 518
694 596
694 757
694 795
695 563
695 591
695 596
695 686
696 757
697 560
697 786
699 509
699 582
699 696
699 741
699 756
699 789
699 791
700 667
700 670
701 53
701 268
701 561
701 587
702 494
702 660
702 700
702 781
703 101
703 520
703 789
704 758
705 491
705 628
705 725
706 648
706 661
706 784
707 711
708 135
708 137
708 539
708 749
709 494
709 519
709 608
709 625
709 660
709 700
709 773
710 190
710 475
710 488
710 700
710 738
711 511
711 540
711 553
711 637
711 643
713 773
714 638
715 679
716 638
717 82
717 87
717 156
717 287
717 388
717 470
718 623
719 539
719 645
719 754
720 446
720 736
720 750
721 55
721 502
721 591
721 645
722 546
722 593
722 638
722 658
722 716
722 740
722 763
722 771
723 52
723 413
724 630
725 628
725 716
726 516
726 595
726 750
726 767
727 606
727 636
728 120
728 510
728 567
728 600
728 696
728 733
729 707
731 506
731 577
731 702
732 656
733 603
735 279
735 312
735 532
735 696
735 741
735 791
736 489
736 687
737 490
737 499
737 525
737 593
737 638
737 644
737 666
737 714
737 740
738 72
739 559
739 624
739 670
740 118
740 190
740 475
740 608
740 667
740 784
741 540
741 545
741 567
741 791
742 518
742 596
742 709
744 587
744 684
745 499
745 529
745 596
745 606
745 648
745 661
745 714
745 716
745 776
746 490
746 525
747 234
747 420
747 499
747 666
747 737
747 745
749 597
750 453
750 591
752 758
753 520
753 534
753 629
753 654
753 683
753 711
753 770
754 526
754 542
754 555
754 669
754 684
754 769
755 569
755 606
755 720
755 738
756 432
756 567
756 580
756 650
756 696
756 789
757 446
757 496
757 612
757 744
757 779
759 589
759 725
760 567
760 645
760 669
760 679
761 193
761 197
761 567
761 696
761 741
761 791
762 326
762 444
762 510
763 105
763 606
763 634
763 658
763 679
764 700
766 155
766 157
766 204
766 376
766 543
766 647
766 660
767 501
767 606
767 679
767 777
768 506
768 586
769 446
769 663
769 744
770 520
770 682
770 771
771 616
771 674
772 261
772 620
772 621
772 628
772 684
772 769
773 525
773 667
773 700
773 710
774 490
774 525
774 644
774 647
774 648
774 661
774 666
777 225
778 515
778 520
778 531
778 570
778 604
778 711
779 376
779 606
779 614
779 636
779 667
779 720
779 745
779 750
780 360
780 545
780 567
780 583
780 600
780 733
780 734
780 788
781 370
781 597
781 660
782 198
782 595
782 628
783 490
783 524
783 605
783 625
783 647
783 667
783 678
783 700
783 738
783 773
784 614
784 628
784 648
784 714
785 202
785 250
785 393
785 415
785 499
785 593
785 599
786 538
786 557
786 590
786 646
786 650
786 741
787 450
787 545
787 581
787 758
787 764
788 144
788 196
788 434
788 567
788 574
788 735
788 789
788 791
789 116
789 310
789 428
789 580
789 696
789 707
790 601
792 739
793 495
793 585
793 674
793 679
793 690
793 757
793 769
794 743
795 498
795 515
795 519
795 563
795 569
795 592
795 596
795 736
795 738
